55 27
55 27
9 24 1995
9 24
1 2 3
1 2 3 4
1 2 3
4 5 6
1 2
2 3
171 126 176 40 12 189 94 153 72 157 59 138 196 104 149 43 123 80 140 83 103 24 48 30 65 47 71 161 151 11 145 167 32 159 174 117 70 134 1 13 3 120 192 95 79 61 186 133 164 88 53 33 112 62 56 131 101 169 92 128 124 172 102 200 5 82 49 166 162 110 163 143 175 10 185 78 22 36 148 141 86 29 116 39 158 119 195 193 96 27 137 147 198 168 15 150 181 25 125 152 132 197 91 114 50 51 118 142 74 4 6 179 135 127 57 190 8 130 76 160 93 19 55 122 194 106 23 98 165 105 18 188 84 154 107 177 108 17 99 7 182 89 16 21 146 136 191 63 58 109 31 170 34 81 144 37 60 178 180 199 20 75 44 184 52 54 173 67 64 14 35 183 46 28 87 77 97 38 9 111 41 121 68 85 66 129 73 155 156 187 69 139 115 45 100 26 113 42 90
41 107 37 102 95 133 162 111 129 172 58 72 81 110 146 126 60 34 10 199 23 165 168 180 4 16 190 191 74 2 75 8 198 106 195 109 51 163 33 154 139 79 48 39 7 160 135 20 175 113 197 177 85 171 161 151 14 153 144 149 77 181 61 63 104 31 140 118 24 1 83 131 170 90 130 67 184 80 76 164 6 70 15 46 68 116 122 45 192 28 123 96 176 136 57 25 145 169 59 12 91 155 178 43 21 26 40 157 66 5 100 54 156 69 143 182 119 112 30 3 22 179 101 17 134 137 50 53 189 9 194 94 158 87 138 47 32 19 174 148 82 36 142 71 52 11 29 114 115 38 125 105 200 42 185 84 188 127 108 86 196 92 186 173 49 124 97 141 121 120 117 18 89 167 55 13 183 78 44 128 56 27 166 62 88 150 99 73 152 159 193 187 35 103 98 64 65 93 132 147
185 73 58 130 168 24 12 129 54 109 158 40 138 38 143 111 37 7 152 5 140 1 65 136 96 121 178 173 10 46 115 97 29 164 39 84 181 30 188 3 133 153 85 82 174 194 34 191 62 124 165 163 113 200 16 28 134 94 151 60 110 83 117 45 192 123 80 176 132 2 23 78 51 99 112 145 25 43 139 33 147 75 9 197 114 4 175 177 160 13 27 49 156 72 180 150 161 48 41 67 14 128 63 167 149 148 127 70 155 64 189 103 36 55 44 57 137 22 119 98 21 118 120 35 92 88 42 172 171 91 95 20 53 66 81 162 93 52 141 18 135 195 101 79 50 196 32 106 186 47 146 199 157 190 71 159 126 77 76 6 15 86 122 193 61 11 108 105 104 107 182 179 170 17 183 19 169 100 68 102 198 56 8 125 142 59 31 26 131 87 89 154 144 187 74 116 166 184 90 69
157 156 119 193 2 68 82 187 18 126 160 166 27 142 50 198 71 90 189 199 154 62 191 13 15 3 129 123 40 8 138 176 149 17 170 113 10 34 103 135 172 38 107 184 180 31 182 73 200 173 74 162 59 165 83 148 43 164 159 98 114 139 195 146 116 124 86 145 178 12 28 51 91 111 186 168 99 84 169 20 106 46 87 120 112 54 194 153 196 161 183 24 115 45 88 5 122 7 22 58 181 97 75 9 185 105 41 110 109 33 79 131 192 117 60 127 63 155 177 56 93 55 42 147 152 163 190 171 35 36 32 158 130 47 1 52 95 118 53 102 167 67 96 94 134 77 108 78 4 66 101 197 30 132 143 11 81 137 76 29 72 174 89 188 39 69 80 23 85 44 48 100 37 141 26 92 25 19 49 128 144 133 125 61 104 14 150 151 16 70 65 136 21 179 175 57 140 64 121
145 144 93 3 15 192 103 164 124 111 86 140 62 14 136 90 94 75 166 84 179 59 100 72 175 64 117 41 29 32 129 154 155 39 26 8 199 148 134 135 74 37 85 27 42 189 181 10 43 153 19 69 184 83 112 163 44 188 25 120 190 57 54 50 123 110 125 9 52 73 24 99 28 66 161 76 7 146 31 34 109 77 150 71 79 196 186 21 87 167 116 88 82 80 143 151 171 46 195 172 6 197 194 4 49 36 104 96 68 141 193 38 159 33 18 48 30 108 178 1 105 102 132 139 63 169 180 131 162 177 53 158 176 127 114 91 156 35 160 168 130 157 107 118 89 126 149 65 101 98 133 122 187 183 81 55 51 95 56 138 182 11 165 170 185 92 78 121 67 115 47 119 147 17 128 60 173 40 70 61 22 97 174 45 152 137 200 23 5 191 113 58 142 198 20 2 13 12 106 16
51 180 66 39 38 122 120 107 109 70 30 28 144 31 198 13 154 177 178 67 94 41 59 126 146 165 190 62 108 49 36 151 34 92 181 64 191 113 149 114 27 42 129 117 3 127 128 140 12 110 46 170 47 63 10 83 179 101 5 102 119 29 201 8 167 185 145 159 23 103 90 86 77 161 147 187 61 72 139 152 15 123 48 200 132 172 106 116 22 33 91 141 196 81 186 53 93 143 138 176 97 18 188 173 124 76 163 68 157 118 85 60 35 26 37 96 25 131 88 73 20 78 169 175 136 160 153 65 192 182 84 171 150 56 121 43 125 130 6 9 197 82 134 164 156 95 2 135 50 162 105 112 193 155 184 111 7 148 55 174 189 195 142 199 89 87 52 104 57 19 80 69 75 79 183 54 137 11 17 115 14 98 45 71 166 16 194 44 74 99 158 100 24 4 40 32 21 58 133 168
129 52 43 42 159 13 117 31 107 172 187 182 131 190 47 126 66 177 167 123 200 119 198 98 101 118 108 65 160 12 62 25 57 99 135 14 9 17 48 191 45 23 176 147 36 39 85 78 184 60 166 49 143 164 100 8 97 169 96 38 154 124 16 3 179 74 19 104 55 64 34 105 175 82 41 67 87 71 192 197 109 165 2 183 137 72 189 171 195 27 18 5 92 120 141 144 128 7 174 61 32 196 181 103 106 46 156 24 40 151 90 20 63 89 199 168 113 81 44 56 94 132 70 73 153 134 136 178 110 26 146 125 188 127 142 75 185 33 80 28 6 35 133 158 4 11 194 1 30 161 157 15 170 130 88 77 139 138 112 58 86 95 84 122 37 53 21 149 59 115 173 163 54 148 69 145 79 111 76 152 114 10 140 180 155 29 93 162 51 193 121 186 116 50 102 83 22 150 68 91
304 314 229 255 354 266 297 399 207 216 213 345 278 283 329 360 259 400 286 379 237 208 245 295 363 380 342 366 320 388 254 239 315 211 285 234 331 225 236 246 369 214 210 268 343 301 391 220 303 296 361 318 209 226 248 244 364 332 385 298 323 265 307 247 305 350 292 384 203 327 389 253 251 357 319 316 279 313 240 325 352 264 204 230 376 238 398 348 310 386 242 273 390 263 355 276 375 235 262 202 269 287 336 293 228 371 326 241 222 212 300 219 340 284 224 324 267 233 370 378 346 356 206 341 368 395 274 351 277 257 312 392 330 311 217 227 308 309 290 337 221 334 321 383 381 374 271 270 338 306 396 299 394 281 215 272 365 302 201 294 377 275 282 328 288 256 218 335 205 393 261 397 249 322 347 231 250 339 387 317 333 291 358 243 362 260 373 372 258 349 289 344 280 252 223 353 367 359 382 232
13 83 168 43 100 118 127 177 159 122 87 106 144 114 154 123 81 33 197 50 131 158 46 196 187 26 12 28 184 129 115 195 199 89 62 31 186 166 97 152 101 163 73 55 91 192 147 47 53 145 173 148 111 193 20 102 54 69 104 180 153 175 176 61 85 18 65 76 172 135 170 92 27 32 59 44 189 25 103 57 143 84 151 191 19 109 14 82 121 40 35 74 134 157 9 90 94 174 160 136 125 138 15 96 5 178 112 130 3 133 7 49 137 60 16 105 198 68 132 140 80 72 56 146 165 37 188 116 86 99 164 126 78 93 79 1 185 95 162 41 8 98 63 194 139 183 64 42 149 21 4 67 52 77 150 190 181 36 10 155 179 45 75 142 141 51 39 58 119 128 110 17 182 120 6 23 24 167 200 48 156 88 108 22 107 161 34 117 169 171 70 124 113 66 71 30 11 2 29 38
13 83 168 43 100 118 127 177 159 122 87 106 144 114 154 123 81 33 197 50 131 158 46 196 187 26 12 28 184 129 115 195 199 89 62 31 186 166 97 152 101 163 73 55 91 192 147 47 53 145 173 148 111 193 20 102 54 69 104 180 153 175 176 61 85 18 65 76 172 135 170 92 27 32 59 44 189 25 103 57 143 84 151 191 19 109 14 82 121 40 35 74 134 157 9 90 94 174 160 136 125 138 15 96 5 178 112 130 3 133 7 49 137 60 16 105 198 68 132 140 80 72 56 146 165 37 188 116 86 99 164 126 78 93 79 1 185 95 162 41 8 98 63 194 139 183 64 42 149 21 4 67 52 77 150 190 181 36 10 155 179 45 75 142 141 51 39 58 119 128 110 17 182 120 6 23 24 167 200 48 156 88 108 22 107 161 34 117 169 171 70 124 113 66 71 30 11 2 29 38
91 61 80 119 81 195 26 10 83 71
164 145 141 183 70 142 194 166 144 89
152 153 7 89 123 128 188 116 8 76 99 154 56 104 33 84 134 22 131 142 129 15 31 12 4 133 166 5 114 150 200 75 111 37 149 48 143 139 20 73 196 58 195 32 136 55 17 82 61 78
66 200 87 80 182 158 106 92 99 122 198 150 8 131 26 151 140 73 52 136 166 193 47 171 30 31 185 134 71 137 84 129 25 157 194 10 123 115 195 2 51 22 6 120 135 168 81 86 63 111
5 115 80 129 165 194 37 96 38 29 173 18 136 148 41 126 14 150 98 97 1 48 188 152 180 145 156 31 62 164
48 80 199 156 41 182 176 16 58 61 81 173 98 73 130 110 30 154 77 63 100 66 169 193 84 136 140 184 92 13
490 197 477 320 87 492 341 416 395 361
169 155 130 478 55 355 25 316 300 402
104 498 148 129 304 259 474 274 337 41 122 334 59 414 153 222 326 279 425 37 140 310 124 459 395 168 175 272 476 319 162 1 30 300 224 135 75 201 387 386 232 492 231 278 412 363 472 249 156 402 266 271 35 46 234 127 497 374 358 7 205 482 32 60 295 284 134 333 438 462 227 188 455 405 409 372 277 383 139 380 292 342 166 453 215 335 107 214 219 388 192 356 76 10 332 182 437 396 430 80 361 177 489 320 487 404 202 281 296 260 170 494 115 250 450 239 484 469 13 223 366 84 470 248 206 315 329 150 220 51 411 463 338 50 109 327 314 40 488 79 83 184 62 171 313 436 288 299 408 159 98 285 467 368 401 196 199 245 4 152 93 479 253 53 389 403 67 89 3 392 210 324 432 49 351 261 464 143 155 100 491 307 185 460 72 45 2 230 42 242 347 376 225 99 173 195 82 344 31 70 246 216 303 117 116 465 267 209 448 471 393 440 36 151 106 302 317 141 197 312 451 485 480 481 422 418 419 108 44 179 48 322 415 26 309 447 128 365 449 207 340 353 64 416 176 90 112 354 87 190 69 158 341 420 189 28 348 254 94 394 68 163 475 57 251 306 113 256 421 85 34 228 276 18 435 294 407 194 390 456 43 9 102 382 16 457 398 352 38 73 144 11 217 240 273 123 486 77 263 417 325 268 426 331 235 371 349 19 145 236 39 12 495 119 269 178 323 237 355 131 478 95 161 499 468 5 243 280 203 452 311 208 81 493 47 458 385 345 25 8 132 461 63 142 172 191 445 27 364 477 229 264 297 86 496 198 350 136 424 52 146 23 91 399 466 181 500 373 147 233 360 15 282 169 275 17 29 211 111 103 33 336 114 160 101 204 252 71 262 339 238 14 483 357 443 66 213 346 165 301 164 367 444 255 120 270 167 200 343 289 290 298 321 446 180 174 154 20 286 406 92 434 431 65 381 400 308 58 257 397 54 370 429 138 378 88 157 193 369 316 121 293 212 110 490 377 244 61 186 96 439 379 362 226 318 291 375 441 6 384 137 55 74 221 442 423 428 258 187 125 410 247 287 330 265 78 56 183 22 454 97 413 126 283 130 24 241 21 118 328 433 218 427 391 305 105 359 473 133 149
285 458 300 290 27 123 160 423 244 84 376 417 258 202 153 205 178 412 40 122 181 220 469 168 271 24 47 370 59 480 224 328 440 37 132 461 150 278 389 374 350 274 296 124 451 427 304 34 345 325 248 497 64 22 186 297 355 207 176 384 189 359 31 135 364 316 101 471 110 430 353 402 219 163 477 175 98 294 273 377 35 2 19 145 197 52 372 476 63 483 368 346 351 111 413 225 347 445 200 387 381 464 43 121 152 276 216 174 478 398 452 136 360 335 196 102 333 462 442 459 446 320 317 308 338 237 70 198 61 15 466 450 490 38 131 169 436 204 233 416 473 190 439 343 396 7 311 243 479 260 208 429 444 388 253 295 492 191 362 206 215 331 500 151 465 23 241 406 128 330 170 29 375 106 361 281 4 142 371 79 293 424 210 148 323 303 373 6 114 51 76 386 405 159 46 187 129 496 289 65 341 435 369 229 232 9 327 125 13 212 182 194 434 81 12 42 272 55 393 26 62 268 5 107 422 240 137 89 238 247 211 367 460 307 391 485 144 138 340 39 184 228 266 443 487 214 112 284 275 400 94 250 146 134 447 83 78 390 161 305 407 41 195 87 259 332 113 279 334 251 414 339 481 227 291 470 73 199 280 265 231 139 162 173 482 286 30 301 193 261 344 50 486 489 96 95 126 302 425 403 118 93 288 104 494 75 420 401 245 8 283 156 226 17 315 256 378 484 154 149 404 14 171 277 263 441 495 467 223 431 385 415 475 57 179 108 337 468 100 133 321 54 299 166 120 292 365 358 25 56 493 236 264 499 397 49 45 395 432 177 287 109 306 282 230 71 322 86 180 88 488 3 252 428 67 58 48 69 314 426 99 91 167 363 97 357 77 82 203 324 147 53 309 183 16 318 10 239 1 249 68 141 11 298 419 354 257 222 310 491 454 269 267 20 164 209 130 66 456 221 213 411 140 380 33 326 157 185 242 349 399 85 36 127 18 472 421 60 158 103 105 246 437 392 366 356 329 255 383 348 115 394 457 463 313 192 117 270 72 455 32 165 28 352 92 254 44 418 410 217 319 433 342 382 408 474 143 312 438 188 453 155 119 80 336 116 74 234 449 201 172 90 235 409 218 262 379 21 498 448
