2
3 101 102 103
3 201 202 203
ENQUEUE 101
ENQUEUE 201
ENQUEUE 102
ENQUEUE 202
ENQUEUE 103
ENQUEUE 203
DEQUEUE
DEQUEUE
DEQUEUE
DEQUEUE
DEQUEUE
DEQUEUE
STOP
2
5 259001 259002 259003 259004 259005
6 260001 260002 260003 260004 260005 260006
ENQUEUE 259001
ENQUEUE 260001
ENQUEUE 259002
ENQUEUE 259003
ENQUEUE 259004
ENQUEUE 259005
DEQUEUE
DEQUEUE
ENQUEUE 260002
ENQUEUE 260003
DEQUEUE
DEQUEUE
DEQUEUE
DEQUEUE
STOP
1
3 1 2 3
ENQUEUE 3
ENQUEUE 2
DEQUEUE
STOP
3
2 101 102
1 901
3 201 202 203
ENQUEUE 101
ENQUEUE 203
ENQUEUE 201
ENQUEUE 102
DEQUEUE
DEQUEUE
DEQUEUE
STOP
999
3 11 12 13
2 21 22
4 31 32 33 34
1 41
5 51 52 53 54 55
5 61 62 63 64 65
2 71 72
4 81 82 83 84
1 91
5 101 102 103 104 105
1 111
5 121 122 123 124 125
2 131 132
2 141 142
3 151 152 153
3 161 162 163
4 171 172 173 174
5 181 182 183 184 185
2 191 192
1 201
5 211 212 213 214 215
3 221 222 223
1 231
4 241 242 243 244
4 251 252 253 254
2 261 262
4 271 272 273 274
4 281 282 283 284
2 291 292
3 301 302 303
4 311 312 313 314
1 321
5 331 332 333 334 335
1 341
4 351 352 353 354
3 361 362 363
4 371 372 373 374
4 381 382 383 384
2 391 392
4 401 402 403 404
4 411 412 413 414
2 421 422
1 431
4 441 442 443 444
1 451
1 461
3 471 472 473
3 481 482 483
2 491 492
4 501 502 503 504
5 511 512 513 514 515
5 521 522 523 524 525
3 531 532 533
3 541 542 543
4 551 552 553 554
1 561
3 571 572 573
2 581 582
5 591 592 593 594 595
3 601 602 603
1 611
5 621 622 623 624 625
5 631 632 633 634 635
1 641
4 651 652 653 654
4 661 662 663 664
2 671 672
3 681 682 683
2 691 692
2 701 702
4 711 712 713 714
3 721 722 723
3 731 732 733
4 741 742 743 744
3 751 752 753
5 761 762 763 764 765
3 771 772 773
3 781 782 783
5 791 792 793 794 795
4 801 802 803 804
4 811 812 813 814
1 821
5 831 832 833 834 835
4 841 842 843 844
5 851 852 853 854 855
5 861 862 863 864 865
5 871 872 873 874 875
1 881
4 891 892 893 894
2 901 902
3 911 912 913
4 921 922 923 924
4 931 932 933 934
4 941 942 943 944
1 951
5 961 962 963 964 965
3 971 972 973
3 981 982 983
1 991
2 1001 1002
4 1011 1012 1013 1014
5 1021 1022 1023 1024 1025
1 1031
3 1041 1042 1043
3 1051 1052 1053
5 1061 1062 1063 1064 1065
4 1071 1072 1073 1074
2 1081 1082
5 1091 1092 1093 1094 1095
2 1101 1102
5 1111 1112 1113 1114 1115
3 1121 1122 1123
1 1131
1 1141
3 1151 1152 1153
2 1161 1162
4 1171 1172 1173 1174
2 1181 1182
2 1191 1192
2 1201 1202
4 1211 1212 1213 1214
2 1221 1222
2 1231 1232
1 1241
5 1251 1252 1253 1254 1255
4 1261 1262 1263 1264
2 1271 1272
3 1281 1282 1283
1 1291
3 1301 1302 1303
5 1311 1312 1313 1314 1315
1 1321
1 1331
3 1341 1342 1343
5 1351 1352 1353 1354 1355
4 1361 1362 1363 1364
2 1371 1372
3 1381 1382 1383
1 1391
5 1401 1402 1403 1404 1405
1 1411
2 1421 1422
4 1431 1432 1433 1434
1 1441
1 1451
4 1461 1462 1463 1464
4 1471 1472 1473 1474
2 1481 1482
2 1491 1492
1 1501
2 1511 1512
4 1521 1522 1523 1524
1 1531
4 1541 1542 1543 1544
3 1551 1552 1553
4 1561 1562 1563 1564
3 1571 1572 1573
1 1581
2 1591 1592
4 1601 1602 1603 1604
2 1611 1612
2 1621 1622
3 1631 1632 1633
1 1641
2 1651 1652
2 1661 1662
2 1671 1672
4 1681 1682 1683 1684
2 1691 1692
3 1701 1702 1703
1 1711
4 1721 1722 1723 1724
4 1731 1732 1733 1734
4 1741 1742 1743 1744
2 1751 1752
2 1761 1762
5 1771 1772 1773 1774 1775
2 1781 1782
1 1791
5 1801 1802 1803 1804 1805
4 1811 1812 1813 1814
3 1821 1822 1823
1 1831
3 1841 1842 1843
5 1851 1852 1853 1854 1855
2 1861 1862
1 1871
1 1881
2 1891 1892
5 1901 1902 1903 1904 1905
5 1911 1912 1913 1914 1915
2 1921 1922
3 1931 1932 1933
5 1941 1942 1943 1944 1945
3 1951 1952 1953
4 1961 1962 1963 1964
5 1971 1972 1973 1974 1975
5 1981 1982 1983 1984 1985
2 1991 1992
5 2001 2002 2003 2004 2005
1 2011
3 2021 2022 2023
2 2031 2032
1 2041
3 2051 2052 2053
3 2061 2062 2063
5 2071 2072 2073 2074 2075
5 2081 2082 2083 2084 2085
3 2091 2092 2093
1 2101
1 2111
4 2121 2122 2123 2124
4 2131 2132 2133 2134
3 2141 2142 2143
5 2151 2152 2153 2154 2155
3 2161 2162 2163
3 2171 2172 2173
1 2181
3 2191 2192 2193
1 2201
5 2211 2212 2213 2214 2215
5 2221 2222 2223 2224 2225
4 2231 2232 2233 2234
3 2241 2242 2243
1 2251
3 2261 2262 2263
3 2271 2272 2273
3 2281 2282 2283
4 2291 2292 2293 2294
3 2301 2302 2303
5 2311 2312 2313 2314 2315
1 2321
1 2331
3 2341 2342 2343
4 2351 2352 2353 2354
3 2361 2362 2363
3 2371 2372 2373
4 2381 2382 2383 2384
1 2391
2 2401 2402
5 2411 2412 2413 2414 2415
4 2421 2422 2423 2424
2 2431 2432
4 2441 2442 2443 2444
1 2451
1 2461
5 2471 2472 2473 2474 2475
4 2481 2482 2483 2484
5 2491 2492 2493 2494 2495
3 2501 2502 2503
5 2511 2512 2513 2514 2515
2 2521 2522
3 2531 2532 2533
2 2541 2542
4 2551 2552 2553 2554
1 2561
1 2571
5 2581 2582 2583 2584 2585
2 2591 2592
2 2601 2602
1 2611
3 2621 2622 2623
3 2631 2632 2633
4 2641 2642 2643 2644
3 2651 2652 2653
1 2661
2 2671 2672
2 2681 2682
2 2691 2692
4 2701 2702 2703 2704
4 2711 2712 2713 2714
4 2721 2722 2723 2724
4 2731 2732 2733 2734
1 2741
3 2751 2752 2753
5 2761 2762 2763 2764 2765
1 2771
3 2781 2782 2783
5 2791 2792 2793 2794 2795
1 2801
4 2811 2812 2813 2814
1 2821
5 2831 2832 2833 2834 2835
1 2841
2 2851 2852
3 2861 2862 2863
5 2871 2872 2873 2874 2875
3 2881 2882 2883
3 2891 2892 2893
3 2901 2902 2903
3 2911 2912 2913
4 2921 2922 2923 2924
3 2931 2932 2933
4 2941 2942 2943 2944
5 2951 2952 2953 2954 2955
5 2961 2962 2963 2964 2965
2 2971 2972
4 2981 2982 2983 2984
2 2991 2992
2 3001 3002
5 3011 3012 3013 3014 3015
3 3021 3022 3023
2 3031 3032
5 3041 3042 3043 3044 3045
4 3051 3052 3053 3054
5 3061 3062 3063 3064 3065
3 3071 3072 3073
1 3081
5 3091 3092 3093 3094 3095
4 3101 3102 3103 3104
1 3111
1 3121
4 3131 3132 3133 3134
4 3141 3142 3143 3144
4 3151 3152 3153 3154
1 3161
3 3171 3172 3173
3 3181 3182 3183
1 3191
2 3201 3202
3 3211 3212 3213
5 3221 3222 3223 3224 3225
1 3231
3 3241 3242 3243
3 3251 3252 3253
4 3261 3262 3263 3264
5 3271 3272 3273 3274 3275
3 3281 3282 3283
2 3291 3292
4 3301 3302 3303 3304
2 3311 3312
3 3321 3322 3323
1 3331
4 3341 3342 3343 3344
4 3351 3352 3353 3354
1 3361
1 3371
3 3381 3382 3383
1 3391
2 3401 3402
2 3411 3412
1 3421
2 3431 3432
4 3441 3442 3443 3444
1 3451
4 3461 3462 3463 3464
5 3471 3472 3473 3474 3475
5 3481 3482 3483 3484 3485
2 3491 3492
5 3501 3502 3503 3504 3505
4 3511 3512 3513 3514
4 3521 3522 3523 3524
1 3531
4 3541 3542 3543 3544
2 3551 3552
4 3561 3562 3563 3564
5 3571 3572 3573 3574 3575
5 3581 3582 3583 3584 3585
2 3591 3592
2 3601 3602
1 3611
5 3621 3622 3623 3624 3625
1 3631
5 3641 3642 3643 3644 3645
4 3651 3652 3653 3654
5 3661 3662 3663 3664 3665
2 3671 3672
2 3681 3682
1 3691
5 3701 3702 3703 3704 3705
1 3711
3 3721 3722 3723
4 3731 3732 3733 3734
4 3741 3742 3743 3744
4 3751 3752 3753 3754
5 3761 3762 3763 3764 3765
4 3771 3772 3773 3774
2 3781 3782
1 3791
1 3801
1 3811
3 3821 3822 3823
1 3831
5 3841 3842 3843 3844 3845
5 3851 3852 3853 3854 3855
5 3861 3862 3863 3864 3865
1 3871
1 3881
5 3891 3892 3893 3894 3895
2 3901 3902
5 3911 3912 3913 3914 3915
4 3921 3922 3923 3924
3 3931 3932 3933
5 3941 3942 3943 3944 3945
2 3951 3952
2 3961 3962
1 3971
4 3981 3982 3983 3984
4 3991 3992 3993 3994
4 4001 4002 4003 4004
3 4011 4012 4013
4 4021 4022 4023 4024
2 4031 4032
2 4041 4042
2 4051 4052
1 4061
1 4071
2 4081 4082
5 4091 4092 4093 4094 4095
5 4101 4102 4103 4104 4105
3 4111 4112 4113
5 4121 4122 4123 4124 4125
1 4131
1 4141
1 4151
1 4161
4 4171 4172 4173 4174
4 4181 4182 4183 4184
1 4191
3 4201 4202 4203
2 4211 4212
1 4221
2 4231 4232
3 4241 4242 4243
4 4251 4252 4253 4254
2 4261 4262
2 4271 4272
3 4281 4282 4283
4 4291 4292 4293 4294
5 4301 4302 4303 4304 4305
2 4311 4312
4 4321 4322 4323 4324
1 4331
5 4341 4342 4343 4344 4345
4 4351 4352 4353 4354
1 4361
2 4371 4372
4 4381 4382 4383 4384
4 4391 4392 4393 4394
2 4401 4402
2 4411 4412
4 4421 4422 4423 4424
3 4431 4432 4433
3 4441 4442 4443
1 4451
4 4461 4462 4463 4464
3 4471 4472 4473
3 4481 4482 4483
1 4491
5 4501 4502 4503 4504 4505
5 4511 4512 4513 4514 4515
3 4521 4522 4523
3 4531 4532 4533
1 4541
1 4551
4 4561 4562 4563 4564
2 4571 4572
5 4581 4582 4583 4584 4585
3 4591 4592 4593
2 4601 4602
4 4611 4612 4613 4614
1 4621
4 4631 4632 4633 4634
5 4641 4642 4643 4644 4645
5 4651 4652 4653 4654 4655
5 4661 4662 4663 4664 4665
4 4671 4672 4673 4674
5 4681 4682 4683 4684 4685
3 4691 4692 4693
5 4701 4702 4703 4704 4705
4 4711 4712 4713 4714
5 4721 4722 4723 4724 4725
5 4731 4732 4733 4734 4735
2 4741 4742
2 4751 4752
3 4761 4762 4763
1 4771
5 4781 4782 4783 4784 4785
2 4791 4792
1 4801
4 4811 4812 4813 4814
5 4821 4822 4823 4824 4825
3 4831 4832 4833
5 4841 4842 4843 4844 4845
4 4851 4852 4853 4854
1 4861
4 4871 4872 4873 4874
2 4881 4882
3 4891 4892 4893
3 4901 4902 4903
1 4911
4 4921 4922 4923 4924
3 4931 4932 4933
3 4941 4942 4943
5 4951 4952 4953 4954 4955
1 4961
3 4971 4972 4973
1 4981
3 4991 4992 4993
1 5001
1 5011
5 5021 5022 5023 5024 5025
4 5031 5032 5033 5034
5 5041 5042 5043 5044 5045
4 5051 5052 5053 5054
3 5061 5062 5063
3 5071 5072 5073
4 5081 5082 5083 5084
4 5091 5092 5093 5094
2 5101 5102
1 5111
1 5121
2 5131 5132
4 5141 5142 5143 5144
1 5151
1 5161
5 5171 5172 5173 5174 5175
3 5181 5182 5183
4 5191 5192 5193 5194
5 5201 5202 5203 5204 5205
3 5211 5212 5213
2 5221 5222
2 5231 5232
2 5241 5242
3 5251 5252 5253
4 5261 5262 5263 5264
4 5271 5272 5273 5274
4 5281 5282 5283 5284
4 5291 5292 5293 5294
4 5301 5302 5303 5304
3 5311 5312 5313
3 5321 5322 5323
1 5331
4 5341 5342 5343 5344
4 5351 5352 5353 5354
4 5361 5362 5363 5364
4 5371 5372 5373 5374
5 5381 5382 5383 5384 5385
4 5391 5392 5393 5394
4 5401 5402 5403 5404
4 5411 5412 5413 5414
1 5421
5 5431 5432 5433 5434 5435
1 5441
2 5451 5452
2 5461 5462
3 5471 5472 5473
5 5481 5482 5483 5484 5485
3 5491 5492 5493
1 5501
1 5511
2 5521 5522
4 5531 5532 5533 5534
5 5541 5542 5543 5544 5545
2 5551 5552
5 5561 5562 5563 5564 5565
1 5571
3 5581 5582 5583
5 5591 5592 5593 5594 5595
2 5601 5602
3 5611 5612 5613
1 5621
1 5631
2 5641 5642
1 5651
3 5661 5662 5663
4 5671 5672 5673 5674
5 5681 5682 5683 5684 5685
1 5691
2 5701 5702
2 5711 5712
5 5721 5722 5723 5724 5725
2 5731 5732
2 5741 5742
5 5751 5752 5753 5754 5755
4 5761 5762 5763 5764
3 5771 5772 5773
2 5781 5782
2 5791 5792
2 5801 5802
1 5811
4 5821 5822 5823 5824
3 5831 5832 5833
4 5841 5842 5843 5844
2 5851 5852
1 5861
2 5871 5872
1 5881
3 5891 5892 5893
1 5901
2 5911 5912
3 5921 5922 5923
4 5931 5932 5933 5934
3 5941 5942 5943
5 5951 5952 5953 5954 5955
4 5961 5962 5963 5964
2 5971 5972
3 5981 5982 5983
2 5991 5992
4 6001 6002 6003 6004
4 6011 6012 6013 6014
1 6021
4 6031 6032 6033 6034
4 6041 6042 6043 6044
1 6051
3 6061 6062 6063
4 6071 6072 6073 6074
2 6081 6082
5 6091 6092 6093 6094 6095
1 6101
5 6111 6112 6113 6114 6115
1 6121
3 6131 6132 6133
1 6141
5 6151 6152 6153 6154 6155
3 6161 6162 6163
4 6171 6172 6173 6174
2 6181 6182
1 6191
2 6201 6202
3 6211 6212 6213
4 6221 6222 6223 6224
3 6231 6232 6233
4 6241 6242 6243 6244
2 6251 6252
4 6261 6262 6263 6264
2 6271 6272
5 6281 6282 6283 6284 6285
2 6291 6292
3 6301 6302 6303
2 6311 6312
1 6321
3 6331 6332 6333
4 6341 6342 6343 6344
1 6351
3 6361 6362 6363
5 6371 6372 6373 6374 6375
5 6381 6382 6383 6384 6385
2 6391 6392
2 6401 6402
5 6411 6412 6413 6414 6415
5 6421 6422 6423 6424 6425
2 6431 6432
5 6441 6442 6443 6444 6445
3 6451 6452 6453
3 6461 6462 6463
2 6471 6472
3 6481 6482 6483
5 6491 6492 6493 6494 6495
1 6501
3 6511 6512 6513
4 6521 6522 6523 6524
5 6531 6532 6533 6534 6535
4 6541 6542 6543 6544
1 6551
5 6561 6562 6563 6564 6565
4 6571 6572 6573 6574
2 6581 6582
1 6591
3 6601 6602 6603
5 6611 6612 6613 6614 6615
5 6621 6622 6623 6624 6625
3 6631 6632 6633
4 6641 6642 6643 6644
1 6651
4 6661 6662 6663 6664
1 6671
3 6681 6682 6683
5 6691 6692 6693 6694 6695
2 6701 6702
4 6711 6712 6713 6714
4 6721 6722 6723 6724
3 6731 6732 6733
5 6741 6742 6743 6744 6745
3 6751 6752 6753
4 6761 6762 6763 6764
3 6771 6772 6773
3 6781 6782 6783
5 6791 6792 6793 6794 6795
3 6801 6802 6803
3 6811 6812 6813
3 6821 6822 6823
1 6831
1 6841
2 6851 6852
4 6861 6862 6863 6864
3 6871 6872 6873
1 6881
4 6891 6892 6893 6894
4 6901 6902 6903 6904
2 6911 6912
3 6921 6922 6923
2 6931 6932
3 6941 6942 6943
4 6951 6952 6953 6954
3 6961 6962 6963
5 6971 6972 6973 6974 6975
3 6981 6982 6983
5 6991 6992 6993 6994 6995
5 7001 7002 7003 7004 7005
5 7011 7012 7013 7014 7015
3 7021 7022 7023
3 7031 7032 7033
1 7041
1 7051
5 7061 7062 7063 7064 7065
5 7071 7072 7073 7074 7075
4 7081 7082 7083 7084
2 7091 7092
2 7101 7102
2 7111 7112
5 7121 7122 7123 7124 7125
5 7131 7132 7133 7134 7135
3 7141 7142 7143
3 7151 7152 7153
4 7161 7162 7163 7164
4 7171 7172 7173 7174
5 7181 7182 7183 7184 7185
2 7191 7192
5 7201 7202 7203 7204 7205
2 7211 7212
1 7221
2 7231 7232
2 7241 7242
1 7251
4 7261 7262 7263 7264
5 7271 7272 7273 7274 7275
4 7281 7282 7283 7284
2 7291 7292
3 7301 7302 7303
5 7311 7312 7313 7314 7315
3 7321 7322 7323
3 7331 7332 7333
3 7341 7342 7343
2 7351 7352
1 7361
4 7371 7372 7373 7374
3 7381 7382 7383
1 7391
5 7401 7402 7403 7404 7405
3 7411 7412 7413
3 7421 7422 7423
2 7431 7432
4 7441 7442 7443 7444
5 7451 7452 7453 7454 7455
1 7461
1 7471
5 7481 7482 7483 7484 7485
3 7491 7492 7493
5 7501 7502 7503 7504 7505
1 7511
2 7521 7522
2 7531 7532
3 7541 7542 7543
2 7551 7552
4 7561 7562 7563 7564
1 7571
3 7581 7582 7583
1 7591
4 7601 7602 7603 7604
2 7611 7612
2 7621 7622
2 7631 7632
1 7641
4 7651 7652 7653 7654
4 7661 7662 7663 7664
2 7671 7672
1 7681
3 7691 7692 7693
3 7701 7702 7703
4 7711 7712 7713 7714
2 7721 7722
1 7731
4 7741 7742 7743 7744
3 7751 7752 7753
3 7761 7762 7763
4 7771 7772 7773 7774
5 7781 7782 7783 7784 7785
2 7791 7792
1 7801
1 7811
2 7821 7822
5 7831 7832 7833 7834 7835
1 7841
2 7851 7852
3 7861 7862 7863
2 7871 7872
3 7881 7882 7883
4 7891 7892 7893 7894
1 7901
3 7911 7912 7913
3 7921 7922 7923
4 7931 7932 7933 7934
4 7941 7942 7943 7944
3 7951 7952 7953
5 7961 7962 7963 7964 7965
5 7971 7972 7973 7974 7975
3 7981 7982 7983
3 7991 7992 7993
4 8001 8002 8003 8004
5 8011 8012 8013 8014 8015
4 8021 8022 8023 8024
2 8031 8032
2 8041 8042
5 8051 8052 8053 8054 8055
1 8061
2 8071 8072
5 8081 8082 8083 8084 8085
2 8091 8092
1 8101
4 8111 8112 8113 8114
4 8121 8122 8123 8124
3 8131 8132 8133
2 8141 8142
4 8151 8152 8153 8154
3 8161 8162 8163
4 8171 8172 8173 8174
5 8181 8182 8183 8184 8185
3 8191 8192 8193
5 8201 8202 8203 8204 8205
1 8211
5 8221 8222 8223 8224 8225
3 8231 8232 8233
2 8241 8242
3 8251 8252 8253
5 8261 8262 8263 8264 8265
3 8271 8272 8273
5 8281 8282 8283 8284 8285
1 8291
4 8301 8302 8303 8304
3 8311 8312 8313
2 8321 8322
3 8331 8332 8333
2 8341 8342
5 8351 8352 8353 8354 8355
3 8361 8362 8363
5 8371 8372 8373 8374 8375
3 8381 8382 8383
5 8391 8392 8393 8394 8395
1 8401
1 8411
1 8421
4 8431 8432 8433 8434
2 8441 8442
1 8451
4 8461 8462 8463 8464
4 8471 8472 8473 8474
1 8481
5 8491 8492 8493 8494 8495
5 8501 8502 8503 8504 8505
1 8511
1 8521
5 8531 8532 8533 8534 8535
5 8541 8542 8543 8544 8545
1 8551
2 8561 8562
1 8571
5 8581 8582 8583 8584 8585
5 8591 8592 8593 8594 8595
5 8601 8602 8603 8604 8605
5 8611 8612 8613 8614 8615
5 8621 8622 8623 8624 8625
3 8631 8632 8633
4 8641 8642 8643 8644
2 8651 8652
2 8661 8662
4 8671 8672 8673 8674
2 8681 8682
5 8691 8692 8693 8694 8695
4 8701 8702 8703 8704
2 8711 8712
5 8721 8722 8723 8724 8725
5 8731 8732 8733 8734 8735
3 8741 8742 8743
1 8751
5 8761 8762 8763 8764 8765
1 8771
3 8781 8782 8783
1 8791
5 8801 8802 8803 8804 8805
3 8811 8812 8813
2 8821 8822
4 8831 8832 8833 8834
3 8841 8842 8843
2 8851 8852
1 8861
4 8871 8872 8873 8874
4 8881 8882 8883 8884
4 8891 8892 8893 8894
5 8901 8902 8903 8904 8905
2 8911 8912
1 8921
3 8931 8932 8933
3 8941 8942 8943
1 8951
2 8961 8962
4 8971 8972 8973 8974
2 8981 8982
1 8991
5 9001 9002 9003 9004 9005
5 9011 9012 9013 9014 9015
1 9021
2 9031 9032
2 9041 9042
3 9051 9052 9053
5 9061 9062 9063 9064 9065
5 9071 9072 9073 9074 9075
4 9081 9082 9083 9084
3 9091 9092 9093
5 9101 9102 9103 9104 9105
2 9111 9112
2 9121 9122
5 9131 9132 9133 9134 9135
3 9141 9142 9143
2 9151 9152
1 9161
1 9171
2 9181 9182
4 9191 9192 9193 9194
2 9201 9202
3 9211 9212 9213
1 9221
5 9231 9232 9233 9234 9235
2 9241 9242
4 9251 9252 9253 9254
4 9261 9262 9263 9264
5 9271 9272 9273 9274 9275
2 9281 9282
2 9291 9292
2 9301 9302
2 9311 9312
3 9321 9322 9323
4 9331 9332 9333 9334
2 9341 9342
4 9351 9352 9353 9354
1 9361
1 9371
1 9381
5 9391 9392 9393 9394 9395
2 9401 9402
2 9411 9412
5 9421 9422 9423 9424 9425
1 9431
4 9441 9442 9443 9444
1 9451
3 9461 9462 9463
5 9471 9472 9473 9474 9475
1 9481
1 9491
4 9501 9502 9503 9504
4 9511 9512 9513 9514
4 9521 9522 9523 9524
1 9531
1 9541
5 9551 9552 9553 9554 9555
5 9561 9562 9563 9564 9565
5 9571 9572 9573 9574 9575
3 9581 9582 9583
5 9591 9592 9593 9594 9595
3 9601 9602 9603
2 9611 9612
3 9621 9622 9623
2 9631 9632
4 9641 9642 9643 9644
1 9651
5 9661 9662 9663 9664 9665
4 9671 9672 9673 9674
1 9681
1 9691
4 9701 9702 9703 9704
3 9711 9712 9713
3 9721 9722 9723
5 9731 9732 9733 9734 9735
4 9741 9742 9743 9744
2 9751 9752
4 9761 9762 9763 9764
2 9771 9772
1 9781
2 9791 9792
5 9801 9802 9803 9804 9805
1 9811
1 9821
4 9831 9832 9833 9834
5 9841 9842 9843 9844 9845
2 9851 9852
4 9861 9862 9863 9864
4 9871 9872 9873 9874
5 9881 9882 9883 9884 9885
4 9891 9892 9893 9894
2 9901 9902
5 9911 9912 9913 9914 9915
2 9921 9922
5 9931 9932 9933 9934 9935
2 9941 9942
2 9951 9952
4 9961 9962 9963 9964
1 9971
3 9981 9982 9983
1 9991
ENQUEUE 9912
ENQUEUE 11
ENQUEUE 9915
ENQUEUE 1321
DEQUEUE
DEQUEUE
ENQUEUE 9913
ENQUEUE 3111
ENQUEUE 9914
ENQUEUE 9911
DEQUEUE
DEQUEUE
DEQUEUE
DEQUEUE
DEQUEUE
DEQUEUE
STOP
0
