1
5 4 3 2 1 0
ENQUEUE 0
ENQUEUE 1
ENQUEUE 3
DEQUEUE
DEQUEUE
DEQUEUE
ENQUEUE 2
ENQUEUE 4
DEQUEUE
DEQUEUE
STOP
2
4 1 2 3 4
3 99 88 77
ENQUEUE 88
ENQUEUE 2
ENQUEUE 1
DEQUEUE
DEQUEUE
DEQUEUE
ENQUEUE 3
ENQUEUE 4
ENQUEUE 99
ENQUEUE 77
DEQUEUE
DEQUEUE
DEQUEUE
DEQUEUE
STOP
3
3 1 2 3
3 4 5 6
2 10 8
ENQUEUE 5
ENQUEUE 4
ENQUEUE 6
ENQUEUE 8
ENQUEUE 1
ENQUEUE 2
ENQUEUE 3
ENQUEUE 10
DEQUEUE
DEQUEUE
DEQUEUE
DEQUEUE
DEQUEUE
DEQUEUE
DEQUEUE
DEQUEUE
STOP
2
10 0 111111 222222 333333 444444 555555 666666 777777 888888 999999
4 1 2 3 4
ENQUEUE 4
ENQUEUE 0
ENQUEUE 2
ENQUEUE 1
ENQUEUE 3
ENQUEUE 111111
ENQUEUE 999999
DEQUEUE
DEQUEUE
DEQUEUE
DEQUEUE
DEQUEUE
ENQUEUE 333333
ENQUEUE 222222
DEQUEUE
DEQUEUE
DEQUEUE
ENQUEUE 444444
ENQUEUE 888888
ENQUEUE 777777
ENQUEUE 555555
ENQUEUE 666666
DEQUEUE
DEQUEUE
DEQUEUE
DEQUEUE
DEQUEUE
DEQUEUE
STOP
999
5 101 102 103 104 105
5 201 202 203 204 205
5 301 302 303 304 305
5 401 402 403 404 405
5 501 502 503 504 505
5 601 602 603 604 605
5 701 702 703 704 705
5 801 802 803 804 805
5 901 902 903 904 905
5 1001 1002 1003 1004 1005
5 1101 1102 1103 1104 1105
5 1201 1202 1203 1204 1205
5 1301 1302 1303 1304 1305
5 1401 1402 1403 1404 1405
5 1501 1502 1503 1504 1505
5 1601 1602 1603 1604 1605
5 1701 1702 1703 1704 1705
5 1801 1802 1803 1804 1805
5 1901 1902 1903 1904 1905
5 2001 2002 2003 2004 2005
5 2101 2102 2103 2104 2105
5 2201 2202 2203 2204 2205
5 2301 2302 2303 2304 2305
5 2401 2402 2403 2404 2405
5 2501 2502 2503 2504 2505
5 2601 2602 2603 2604 2605
5 2701 2702 2703 2704 2705
5 2801 2802 2803 2804 2805
5 2901 2902 2903 2904 2905
5 3001 3002 3003 3004 3005
5 3101 3102 3103 3104 3105
5 3201 3202 3203 3204 3205
5 3301 3302 3303 3304 3305
5 3401 3402 3403 3404 3405
5 3501 3502 3503 3504 3505
5 3601 3602 3603 3604 3605
5 3701 3702 3703 3704 3705
5 3801 3802 3803 3804 3805
5 3901 3902 3903 3904 3905
5 4001 4002 4003 4004 4005
5 4101 4102 4103 4104 4105
5 4201 4202 4203 4204 4205
5 4301 4302 4303 4304 4305
5 4401 4402 4403 4404 4405
5 4501 4502 4503 4504 4505
5 4601 4602 4603 4604 4605
5 4701 4702 4703 4704 4705
5 4801 4802 4803 4804 4805
5 4901 4902 4903 4904 4905
5 5001 5002 5003 5004 5005
5 5101 5102 5103 5104 5105
5 5201 5202 5203 5204 5205
5 5301 5302 5303 5304 5305
5 5401 5402 5403 5404 5405
5 5501 5502 5503 5504 5505
5 5601 5602 5603 5604 5605
5 5701 5702 5703 5704 5705
5 5801 5802 5803 5804 5805
5 5901 5902 5903 5904 5905
5 6001 6002 6003 6004 6005
5 6101 6102 6103 6104 6105
5 6201 6202 6203 6204 6205
5 6301 6302 6303 6304 6305
5 6401 6402 6403 6404 6405
5 6501 6502 6503 6504 6505
5 6601 6602 6603 6604 6605
5 6701 6702 6703 6704 6705
5 6801 6802 6803 6804 6805
5 6901 6902 6903 6904 6905
5 7001 7002 7003 7004 7005
5 7101 7102 7103 7104 7105
5 7201 7202 7203 7204 7205
5 7301 7302 7303 7304 7305
5 7401 7402 7403 7404 7405
5 7501 7502 7503 7504 7505
5 7601 7602 7603 7604 7605
5 7701 7702 7703 7704 7705
5 7801 7802 7803 7804 7805
5 7901 7902 7903 7904 7905
5 8001 8002 8003 8004 8005
5 8101 8102 8103 8104 8105
5 8201 8202 8203 8204 8205
5 8301 8302 8303 8304 8305
5 8401 8402 8403 8404 8405
5 8501 8502 8503 8504 8505
5 8601 8602 8603 8604 8605
5 8701 8702 8703 8704 8705
5 8801 8802 8803 8804 8805
5 8901 8902 8903 8904 8905
5 9001 9002 9003 9004 9005
5 9101 9102 9103 9104 9105
5 9201 9202 9203 9204 9205
5 9301 9302 9303 9304 9305
5 9401 9402 9403 9404 9405
5 9501 9502 9503 9504 9505
5 9601 9602 9603 9604 9605
5 9701 9702 9703 9704 9705
5 9801 9802 9803 9804 9805
5 9901 9902 9903 9904 9905
5 10001 10002 10003 10004 10005
5 10101 10102 10103 10104 10105
5 10201 10202 10203 10204 10205
5 10301 10302 10303 10304 10305
5 10401 10402 10403 10404 10405
5 10501 10502 10503 10504 10505
5 10601 10602 10603 10604 10605
5 10701 10702 10703 10704 10705
5 10801 10802 10803 10804 10805
5 10901 10902 10903 10904 10905
5 11001 11002 11003 11004 11005
5 11101 11102 11103 11104 11105
5 11201 11202 11203 11204 11205
5 11301 11302 11303 11304 11305
5 11401 11402 11403 11404 11405
5 11501 11502 11503 11504 11505
5 11601 11602 11603 11604 11605
5 11701 11702 11703 11704 11705
5 11801 11802 11803 11804 11805
5 11901 11902 11903 11904 11905
5 12001 12002 12003 12004 12005
5 12101 12102 12103 12104 12105
5 12201 12202 12203 12204 12205
5 12301 12302 12303 12304 12305
5 12401 12402 12403 12404 12405
5 12501 12502 12503 12504 12505
5 12601 12602 12603 12604 12605
5 12701 12702 12703 12704 12705
5 12801 12802 12803 12804 12805
5 12901 12902 12903 12904 12905
5 13001 13002 13003 13004 13005
5 13101 13102 13103 13104 13105
5 13201 13202 13203 13204 13205
5 13301 13302 13303 13304 13305
5 13401 13402 13403 13404 13405
5 13501 13502 13503 13504 13505
5 13601 13602 13603 13604 13605
5 13701 13702 13703 13704 13705
5 13801 13802 13803 13804 13805
5 13901 13902 13903 13904 13905
5 14001 14002 14003 14004 14005
5 14101 14102 14103 14104 14105
5 14201 14202 14203 14204 14205
5 14301 14302 14303 14304 14305
5 14401 14402 14403 14404 14405
5 14501 14502 14503 14504 14505
5 14601 14602 14603 14604 14605
5 14701 14702 14703 14704 14705
5 14801 14802 14803 14804 14805
5 14901 14902 14903 14904 14905
5 15001 15002 15003 15004 15005
5 15101 15102 15103 15104 15105
5 15201 15202 15203 15204 15205
5 15301 15302 15303 15304 15305
5 15401 15402 15403 15404 15405
5 15501 15502 15503 15504 15505
5 15601 15602 15603 15604 15605
5 15701 15702 15703 15704 15705
5 15801 15802 15803 15804 15805
5 15901 15902 15903 15904 15905
5 16001 16002 16003 16004 16005
5 16101 16102 16103 16104 16105
5 16201 16202 16203 16204 16205
5 16301 16302 16303 16304 16305
5 16401 16402 16403 16404 16405
5 16501 16502 16503 16504 16505
5 16601 16602 16603 16604 16605
5 16701 16702 16703 16704 16705
5 16801 16802 16803 16804 16805
5 16901 16902 16903 16904 16905
5 17001 17002 17003 17004 17005
5 17101 17102 17103 17104 17105
5 17201 17202 17203 17204 17205
5 17301 17302 17303 17304 17305
5 17401 17402 17403 17404 17405
5 17501 17502 17503 17504 17505
5 17601 17602 17603 17604 17605
5 17701 17702 17703 17704 17705
5 17801 17802 17803 17804 17805
5 17901 17902 17903 17904 17905
5 18001 18002 18003 18004 18005
5 18101 18102 18103 18104 18105
5 18201 18202 18203 18204 18205
5 18301 18302 18303 18304 18305
5 18401 18402 18403 18404 18405
5 18501 18502 18503 18504 18505
5 18601 18602 18603 18604 18605
5 18701 18702 18703 18704 18705
5 18801 18802 18803 18804 18805
5 18901 18902 18903 18904 18905
5 19001 19002 19003 19004 19005
5 19101 19102 19103 19104 19105
5 19201 19202 19203 19204 19205
5 19301 19302 19303 19304 19305
5 19401 19402 19403 19404 19405
5 19501 19502 19503 19504 19505
5 19601 19602 19603 19604 19605
5 19701 19702 19703 19704 19705
5 19801 19802 19803 19804 19805
5 19901 19902 19903 19904 19905
5 20001 20002 20003 20004 20005
5 20101 20102 20103 20104 20105
5 20201 20202 20203 20204 20205
5 20301 20302 20303 20304 20305
5 20401 20402 20403 20404 20405
5 20501 20502 20503 20504 20505
5 20601 20602 20603 20604 20605
5 20701 20702 20703 20704 20705
5 20801 20802 20803 20804 20805
5 20901 20902 20903 20904 20905
5 21001 21002 21003 21004 21005
5 21101 21102 21103 21104 21105
5 21201 21202 21203 21204 21205
5 21301 21302 21303 21304 21305
5 21401 21402 21403 21404 21405
5 21501 21502 21503 21504 21505
5 21601 21602 21603 21604 21605
5 21701 21702 21703 21704 21705
5 21801 21802 21803 21804 21805
5 21901 21902 21903 21904 21905
5 22001 22002 22003 22004 22005
5 22101 22102 22103 22104 22105
5 22201 22202 22203 22204 22205
5 22301 22302 22303 22304 22305
5 22401 22402 22403 22404 22405
5 22501 22502 22503 22504 22505
5 22601 22602 22603 22604 22605
5 22701 22702 22703 22704 22705
5 22801 22802 22803 22804 22805
5 22901 22902 22903 22904 22905
5 23001 23002 23003 23004 23005
5 23101 23102 23103 23104 23105
5 23201 23202 23203 23204 23205
5 23301 23302 23303 23304 23305
5 23401 23402 23403 23404 23405
5 23501 23502 23503 23504 23505
5 23601 23602 23603 23604 23605
5 23701 23702 23703 23704 23705
5 23801 23802 23803 23804 23805
5 23901 23902 23903 23904 23905
5 24001 24002 24003 24004 24005
5 24101 24102 24103 24104 24105
5 24201 24202 24203 24204 24205
5 24301 24302 24303 24304 24305
5 24401 24402 24403 24404 24405
5 24501 24502 24503 24504 24505
5 24601 24602 24603 24604 24605
5 24701 24702 24703 24704 24705
5 24801 24802 24803 24804 24805
5 24901 24902 24903 24904 24905
5 25001 25002 25003 25004 25005
5 25101 25102 25103 25104 25105
5 25201 25202 25203 25204 25205
5 25301 25302 25303 25304 25305
5 25401 25402 25403 25404 25405
5 25501 25502 25503 25504 25505
5 25601 25602 25603 25604 25605
5 25701 25702 25703 25704 25705
5 25801 25802 25803 25804 25805
5 25901 25902 25903 25904 25905
5 26001 26002 26003 26004 26005
5 26101 26102 26103 26104 26105
5 26201 26202 26203 26204 26205
5 26301 26302 26303 26304 26305
5 26401 26402 26403 26404 26405
5 26501 26502 26503 26504 26505
5 26601 26602 26603 26604 26605
5 26701 26702 26703 26704 26705
5 26801 26802 26803 26804 26805
5 26901 26902 26903 26904 26905
5 27001 27002 27003 27004 27005
5 27101 27102 27103 27104 27105
5 27201 27202 27203 27204 27205
5 27301 27302 27303 27304 27305
5 27401 27402 27403 27404 27405
5 27501 27502 27503 27504 27505
5 27601 27602 27603 27604 27605
5 27701 27702 27703 27704 27705
5 27801 27802 27803 27804 27805
5 27901 27902 27903 27904 27905
5 28001 28002 28003 28004 28005
5 28101 28102 28103 28104 28105
5 28201 28202 28203 28204 28205
5 28301 28302 28303 28304 28305
5 28401 28402 28403 28404 28405
5 28501 28502 28503 28504 28505
5 28601 28602 28603 28604 28605
5 28701 28702 28703 28704 28705
5 28801 28802 28803 28804 28805
5 28901 28902 28903 28904 28905
5 29001 29002 29003 29004 29005
5 29101 29102 29103 29104 29105
5 29201 29202 29203 29204 29205
5 29301 29302 29303 29304 29305
5 29401 29402 29403 29404 29405
5 29501 29502 29503 29504 29505
5 29601 29602 29603 29604 29605
5 29701 29702 29703 29704 29705
5 29801 29802 29803 29804 29805
5 29901 29902 29903 29904 29905
5 30001 30002 30003 30004 30005
5 30101 30102 30103 30104 30105
5 30201 30202 30203 30204 30205
5 30301 30302 30303 30304 30305
5 30401 30402 30403 30404 30405
5 30501 30502 30503 30504 30505
5 30601 30602 30603 30604 30605
5 30701 30702 30703 30704 30705
5 30801 30802 30803 30804 30805
5 30901 30902 30903 30904 30905
5 31001 31002 31003 31004 31005
5 31101 31102 31103 31104 31105
5 31201 31202 31203 31204 31205
5 31301 31302 31303 31304 31305
5 31401 31402 31403 31404 31405
5 31501 31502 31503 31504 31505
5 31601 31602 31603 31604 31605
5 31701 31702 31703 31704 31705
5 31801 31802 31803 31804 31805
5 31901 31902 31903 31904 31905
5 32001 32002 32003 32004 32005
5 32101 32102 32103 32104 32105
5 32201 32202 32203 32204 32205
5 32301 32302 32303 32304 32305
5 32401 32402 32403 32404 32405
5 32501 32502 32503 32504 32505
5 32601 32602 32603 32604 32605
5 32701 32702 32703 32704 32705
5 32801 32802 32803 32804 32805
5 32901 32902 32903 32904 32905
5 33001 33002 33003 33004 33005
5 33101 33102 33103 33104 33105
5 33201 33202 33203 33204 33205
5 33301 33302 33303 33304 33305
5 33401 33402 33403 33404 33405
5 33501 33502 33503 33504 33505
5 33601 33602 33603 33604 33605
5 33701 33702 33703 33704 33705
5 33801 33802 33803 33804 33805
5 33901 33902 33903 33904 33905
5 34001 34002 34003 34004 34005
5 34101 34102 34103 34104 34105
5 34201 34202 34203 34204 34205
5 34301 34302 34303 34304 34305
5 34401 34402 34403 34404 34405
5 34501 34502 34503 34504 34505
5 34601 34602 34603 34604 34605
5 34701 34702 34703 34704 34705
5 34801 34802 34803 34804 34805
5 34901 34902 34903 34904 34905
5 35001 35002 35003 35004 35005
5 35101 35102 35103 35104 35105
5 35201 35202 35203 35204 35205
5 35301 35302 35303 35304 35305
5 35401 35402 35403 35404 35405
5 35501 35502 35503 35504 35505
5 35601 35602 35603 35604 35605
5 35701 35702 35703 35704 35705
5 35801 35802 35803 35804 35805
5 35901 35902 35903 35904 35905
5 36001 36002 36003 36004 36005
5 36101 36102 36103 36104 36105
5 36201 36202 36203 36204 36205
5 36301 36302 36303 36304 36305
5 36401 36402 36403 36404 36405
5 36501 36502 36503 36504 36505
5 36601 36602 36603 36604 36605
5 36701 36702 36703 36704 36705
5 36801 36802 36803 36804 36805
5 36901 36902 36903 36904 36905
5 37001 37002 37003 37004 37005
5 37101 37102 37103 37104 37105
5 37201 37202 37203 37204 37205
5 37301 37302 37303 37304 37305
5 37401 37402 37403 37404 37405
5 37501 37502 37503 37504 37505
5 37601 37602 37603 37604 37605
5 37701 37702 37703 37704 37705
5 37801 37802 37803 37804 37805
5 37901 37902 37903 37904 37905
5 38001 38002 38003 38004 38005
5 38101 38102 38103 38104 38105
5 38201 38202 38203 38204 38205
5 38301 38302 38303 38304 38305
5 38401 38402 38403 38404 38405
5 38501 38502 38503 38504 38505
5 38601 38602 38603 38604 38605
5 38701 38702 38703 38704 38705
5 38801 38802 38803 38804 38805
5 38901 38902 38903 38904 38905
5 39001 39002 39003 39004 39005
5 39101 39102 39103 39104 39105
5 39201 39202 39203 39204 39205
5 39301 39302 39303 39304 39305
5 39401 39402 39403 39404 39405
5 39501 39502 39503 39504 39505
5 39601 39602 39603 39604 39605
5 39701 39702 39703 39704 39705
5 39801 39802 39803 39804 39805
5 39901 39902 39903 39904 39905
5 40001 40002 40003 40004 40005
5 40101 40102 40103 40104 40105
5 40201 40202 40203 40204 40205
5 40301 40302 40303 40304 40305
5 40401 40402 40403 40404 40405
5 40501 40502 40503 40504 40505
5 40601 40602 40603 40604 40605
5 40701 40702 40703 40704 40705
5 40801 40802 40803 40804 40805
5 40901 40902 40903 40904 40905
5 41001 41002 41003 41004 41005
5 41101 41102 41103 41104 41105
5 41201 41202 41203 41204 41205
5 41301 41302 41303 41304 41305
5 41401 41402 41403 41404 41405
5 41501 41502 41503 41504 41505
5 41601 41602 41603 41604 41605
5 41701 41702 41703 41704 41705
5 41801 41802 41803 41804 41805
5 41901 41902 41903 41904 41905
5 42001 42002 42003 42004 42005
5 42101 42102 42103 42104 42105
5 42201 42202 42203 42204 42205
5 42301 42302 42303 42304 42305
5 42401 42402 42403 42404 42405
5 42501 42502 42503 42504 42505
5 42601 42602 42603 42604 42605
5 42701 42702 42703 42704 42705
5 42801 42802 42803 42804 42805
5 42901 42902 42903 42904 42905
5 43001 43002 43003 43004 43005
5 43101 43102 43103 43104 43105
5 43201 43202 43203 43204 43205
5 43301 43302 43303 43304 43305
5 43401 43402 43403 43404 43405
5 43501 43502 43503 43504 43505
5 43601 43602 43603 43604 43605
5 43701 43702 43703 43704 43705
5 43801 43802 43803 43804 43805
5 43901 43902 43903 43904 43905
5 44001 44002 44003 44004 44005
5 44101 44102 44103 44104 44105
5 44201 44202 44203 44204 44205
5 44301 44302 44303 44304 44305
5 44401 44402 44403 44404 44405
5 44501 44502 44503 44504 44505
5 44601 44602 44603 44604 44605
5 44701 44702 44703 44704 44705
5 44801 44802 44803 44804 44805
5 44901 44902 44903 44904 44905
5 45001 45002 45003 45004 45005
5 45101 45102 45103 45104 45105
5 45201 45202 45203 45204 45205
5 45301 45302 45303 45304 45305
5 45401 45402 45403 45404 45405
5 45501 45502 45503 45504 45505
5 45601 45602 45603 45604 45605
5 45701 45702 45703 45704 45705
5 45801 45802 45803 45804 45805
5 45901 45902 45903 45904 45905
5 46001 46002 46003 46004 46005
5 46101 46102 46103 46104 46105
5 46201 46202 46203 46204 46205
5 46301 46302 46303 46304 46305
5 46401 46402 46403 46404 46405
5 46501 46502 46503 46504 46505
5 46601 46602 46603 46604 46605
5 46701 46702 46703 46704 46705
5 46801 46802 46803 46804 46805
5 46901 46902 46903 46904 46905
5 47001 47002 47003 47004 47005
5 47101 47102 47103 47104 47105
5 47201 47202 47203 47204 47205
5 47301 47302 47303 47304 47305
5 47401 47402 47403 47404 47405
5 47501 47502 47503 47504 47505
5 47601 47602 47603 47604 47605
5 47701 47702 47703 47704 47705
5 47801 47802 47803 47804 47805
5 47901 47902 47903 47904 47905
5 48001 48002 48003 48004 48005
5 48101 48102 48103 48104 48105
5 48201 48202 48203 48204 48205
5 48301 48302 48303 48304 48305
5 48401 48402 48403 48404 48405
5 48501 48502 48503 48504 48505
5 48601 48602 48603 48604 48605
5 48701 48702 48703 48704 48705
5 48801 48802 48803 48804 48805
5 48901 48902 48903 48904 48905
5 49001 49002 49003 49004 49005
5 49101 49102 49103 49104 49105
5 49201 49202 49203 49204 49205
5 49301 49302 49303 49304 49305
5 49401 49402 49403 49404 49405
5 49501 49502 49503 49504 49505
5 49601 49602 49603 49604 49605
5 49701 49702 49703 49704 49705
5 49801 49802 49803 49804 49805
5 49901 49902 49903 49904 49905
5 50001 50002 50003 50004 50005
5 50101 50102 50103 50104 50105
5 50201 50202 50203 50204 50205
5 50301 50302 50303 50304 50305
5 50401 50402 50403 50404 50405
5 50501 50502 50503 50504 50505
5 50601 50602 50603 50604 50605
5 50701 50702 50703 50704 50705
5 50801 50802 50803 50804 50805
5 50901 50902 50903 50904 50905
5 51001 51002 51003 51004 51005
5 51101 51102 51103 51104 51105
5 51201 51202 51203 51204 51205
5 51301 51302 51303 51304 51305
5 51401 51402 51403 51404 51405
5 51501 51502 51503 51504 51505
5 51601 51602 51603 51604 51605
5 51701 51702 51703 51704 51705
5 51801 51802 51803 51804 51805
5 51901 51902 51903 51904 51905
5 52001 52002 52003 52004 52005
5 52101 52102 52103 52104 52105
5 52201 52202 52203 52204 52205
5 52301 52302 52303 52304 52305
5 52401 52402 52403 52404 52405
5 52501 52502 52503 52504 52505
5 52601 52602 52603 52604 52605
5 52701 52702 52703 52704 52705
5 52801 52802 52803 52804 52805
5 52901 52902 52903 52904 52905
5 53001 53002 53003 53004 53005
5 53101 53102 53103 53104 53105
5 53201 53202 53203 53204 53205
5 53301 53302 53303 53304 53305
5 53401 53402 53403 53404 53405
5 53501 53502 53503 53504 53505
5 53601 53602 53603 53604 53605
5 53701 53702 53703 53704 53705
5 53801 53802 53803 53804 53805
5 53901 53902 53903 53904 53905
5 54001 54002 54003 54004 54005
5 54101 54102 54103 54104 54105
5 54201 54202 54203 54204 54205
5 54301 54302 54303 54304 54305
5 54401 54402 54403 54404 54405
5 54501 54502 54503 54504 54505
5 54601 54602 54603 54604 54605
5 54701 54702 54703 54704 54705
5 54801 54802 54803 54804 54805
5 54901 54902 54903 54904 54905
5 55001 55002 55003 55004 55005
5 55101 55102 55103 55104 55105
5 55201 55202 55203 55204 55205
5 55301 55302 55303 55304 55305
5 55401 55402 55403 55404 55405
5 55501 55502 55503 55504 55505
5 55601 55602 55603 55604 55605
5 55701 55702 55703 55704 55705
5 55801 55802 55803 55804 55805
5 55901 55902 55903 55904 55905
5 56001 56002 56003 56004 56005
5 56101 56102 56103 56104 56105
5 56201 56202 56203 56204 56205
5 56301 56302 56303 56304 56305
5 56401 56402 56403 56404 56405
5 56501 56502 56503 56504 56505
5 56601 56602 56603 56604 56605
5 56701 56702 56703 56704 56705
5 56801 56802 56803 56804 56805
5 56901 56902 56903 56904 56905
5 57001 57002 57003 57004 57005
5 57101 57102 57103 57104 57105
5 57201 57202 57203 57204 57205
5 57301 57302 57303 57304 57305
5 57401 57402 57403 57404 57405
5 57501 57502 57503 57504 57505
5 57601 57602 57603 57604 57605
5 57701 57702 57703 57704 57705
5 57801 57802 57803 57804 57805
5 57901 57902 57903 57904 57905
5 58001 58002 58003 58004 58005
5 58101 58102 58103 58104 58105
5 58201 58202 58203 58204 58205
5 58301 58302 58303 58304 58305
5 58401 58402 58403 58404 58405
5 58501 58502 58503 58504 58505
5 58601 58602 58603 58604 58605
5 58701 58702 58703 58704 58705
5 58801 58802 58803 58804 58805
5 58901 58902 58903 58904 58905
5 59001 59002 59003 59004 59005
5 59101 59102 59103 59104 59105
5 59201 59202 59203 59204 59205
5 59301 59302 59303 59304 59305
5 59401 59402 59403 59404 59405
5 59501 59502 59503 59504 59505
5 59601 59602 59603 59604 59605
5 59701 59702 59703 59704 59705
5 59801 59802 59803 59804 59805
5 59901 59902 59903 59904 59905
5 60001 60002 60003 60004 60005
5 60101 60102 60103 60104 60105
5 60201 60202 60203 60204 60205
5 60301 60302 60303 60304 60305
5 60401 60402 60403 60404 60405
5 60501 60502 60503 60504 60505
5 60601 60602 60603 60604 60605
5 60701 60702 60703 60704 60705
5 60801 60802 60803 60804 60805
5 60901 60902 60903 60904 60905
5 61001 61002 61003 61004 61005
5 61101 61102 61103 61104 61105
5 61201 61202 61203 61204 61205
5 61301 61302 61303 61304 61305
5 61401 61402 61403 61404 61405
5 61501 61502 61503 61504 61505
5 61601 61602 61603 61604 61605
5 61701 61702 61703 61704 61705
5 61801 61802 61803 61804 61805
5 61901 61902 61903 61904 61905
5 62001 62002 62003 62004 62005
5 62101 62102 62103 62104 62105
5 62201 62202 62203 62204 62205
5 62301 62302 62303 62304 62305
5 62401 62402 62403 62404 62405
5 62501 62502 62503 62504 62505
5 62601 62602 62603 62604 62605
5 62701 62702 62703 62704 62705
5 62801 62802 62803 62804 62805
5 62901 62902 62903 62904 62905
5 63001 63002 63003 63004 63005
5 63101 63102 63103 63104 63105
5 63201 63202 63203 63204 63205
5 63301 63302 63303 63304 63305
5 63401 63402 63403 63404 63405
5 63501 63502 63503 63504 63505
5 63601 63602 63603 63604 63605
5 63701 63702 63703 63704 63705
5 63801 63802 63803 63804 63805
5 63901 63902 63903 63904 63905
5 64001 64002 64003 64004 64005
5 64101 64102 64103 64104 64105
5 64201 64202 64203 64204 64205
5 64301 64302 64303 64304 64305
5 64401 64402 64403 64404 64405
5 64501 64502 64503 64504 64505
5 64601 64602 64603 64604 64605
5 64701 64702 64703 64704 64705
5 64801 64802 64803 64804 64805
5 64901 64902 64903 64904 64905
5 65001 65002 65003 65004 65005
5 65101 65102 65103 65104 65105
5 65201 65202 65203 65204 65205
5 65301 65302 65303 65304 65305
5 65401 65402 65403 65404 65405
5 65501 65502 65503 65504 65505
5 65601 65602 65603 65604 65605
5 65701 65702 65703 65704 65705
5 65801 65802 65803 65804 65805
5 65901 65902 65903 65904 65905
5 66001 66002 66003 66004 66005
5 66101 66102 66103 66104 66105
5 66201 66202 66203 66204 66205
5 66301 66302 66303 66304 66305
5 66401 66402 66403 66404 66405
5 66501 66502 66503 66504 66505
5 66601 66602 66603 66604 66605
5 66701 66702 66703 66704 66705
5 66801 66802 66803 66804 66805
5 66901 66902 66903 66904 66905
5 67001 67002 67003 67004 67005
5 67101 67102 67103 67104 67105
5 67201 67202 67203 67204 67205
5 67301 67302 67303 67304 67305
5 67401 67402 67403 67404 67405
5 67501 67502 67503 67504 67505
5 67601 67602 67603 67604 67605
5 67701 67702 67703 67704 67705
5 67801 67802 67803 67804 67805
5 67901 67902 67903 67904 67905
5 68001 68002 68003 68004 68005
5 68101 68102 68103 68104 68105
5 68201 68202 68203 68204 68205
5 68301 68302 68303 68304 68305
5 68401 68402 68403 68404 68405
5 68501 68502 68503 68504 68505
5 68601 68602 68603 68604 68605
5 68701 68702 68703 68704 68705
5 68801 68802 68803 68804 68805
5 68901 68902 68903 68904 68905
5 69001 69002 69003 69004 69005
5 69101 69102 69103 69104 69105
5 69201 69202 69203 69204 69205
5 69301 69302 69303 69304 69305
5 69401 69402 69403 69404 69405
5 69501 69502 69503 69504 69505
5 69601 69602 69603 69604 69605
5 69701 69702 69703 69704 69705
5 69801 69802 69803 69804 69805
5 69901 69902 69903 69904 69905
5 70001 70002 70003 70004 70005
5 70101 70102 70103 70104 70105
5 70201 70202 70203 70204 70205
5 70301 70302 70303 70304 70305
5 70401 70402 70403 70404 70405
5 70501 70502 70503 70504 70505
5 70601 70602 70603 70604 70605
5 70701 70702 70703 70704 70705
5 70801 70802 70803 70804 70805
5 70901 70902 70903 70904 70905
5 71001 71002 71003 71004 71005
5 71101 71102 71103 71104 71105
5 71201 71202 71203 71204 71205
5 71301 71302 71303 71304 71305
5 71401 71402 71403 71404 71405
5 71501 71502 71503 71504 71505
5 71601 71602 71603 71604 71605
5 71701 71702 71703 71704 71705
5 71801 71802 71803 71804 71805
5 71901 71902 71903 71904 71905
5 72001 72002 72003 72004 72005
5 72101 72102 72103 72104 72105
5 72201 72202 72203 72204 72205
5 72301 72302 72303 72304 72305
5 72401 72402 72403 72404 72405
5 72501 72502 72503 72504 72505
5 72601 72602 72603 72604 72605
5 72701 72702 72703 72704 72705
5 72801 72802 72803 72804 72805
5 72901 72902 72903 72904 72905
5 73001 73002 73003 73004 73005
5 73101 73102 73103 73104 73105
5 73201 73202 73203 73204 73205
5 73301 73302 73303 73304 73305
5 73401 73402 73403 73404 73405
5 73501 73502 73503 73504 73505
5 73601 73602 73603 73604 73605
5 73701 73702 73703 73704 73705
5 73801 73802 73803 73804 73805
5 73901 73902 73903 73904 73905
5 74001 74002 74003 74004 74005
5 74101 74102 74103 74104 74105
5 74201 74202 74203 74204 74205
5 74301 74302 74303 74304 74305
5 74401 74402 74403 74404 74405
5 74501 74502 74503 74504 74505
5 74601 74602 74603 74604 74605
5 74701 74702 74703 74704 74705
5 74801 74802 74803 74804 74805
5 74901 74902 74903 74904 74905
5 75001 75002 75003 75004 75005
5 75101 75102 75103 75104 75105
5 75201 75202 75203 75204 75205
5 75301 75302 75303 75304 75305
5 75401 75402 75403 75404 75405
5 75501 75502 75503 75504 75505
5 75601 75602 75603 75604 75605
5 75701 75702 75703 75704 75705
5 75801 75802 75803 75804 75805
5 75901 75902 75903 75904 75905
5 76001 76002 76003 76004 76005
5 76101 76102 76103 76104 76105
5 76201 76202 76203 76204 76205
5 76301 76302 76303 76304 76305
5 76401 76402 76403 76404 76405
5 76501 76502 76503 76504 76505
5 76601 76602 76603 76604 76605
5 76701 76702 76703 76704 76705
5 76801 76802 76803 76804 76805
5 76901 76902 76903 76904 76905
5 77001 77002 77003 77004 77005
5 77101 77102 77103 77104 77105
5 77201 77202 77203 77204 77205
5 77301 77302 77303 77304 77305
5 77401 77402 77403 77404 77405
5 77501 77502 77503 77504 77505
5 77601 77602 77603 77604 77605
5 77701 77702 77703 77704 77705
5 77801 77802 77803 77804 77805
5 77901 77902 77903 77904 77905
5 78001 78002 78003 78004 78005
5 78101 78102 78103 78104 78105
5 78201 78202 78203 78204 78205
5 78301 78302 78303 78304 78305
5 78401 78402 78403 78404 78405
5 78501 78502 78503 78504 78505
5 78601 78602 78603 78604 78605
5 78701 78702 78703 78704 78705
5 78801 78802 78803 78804 78805
5 78901 78902 78903 78904 78905
5 79001 79002 79003 79004 79005
5 79101 79102 79103 79104 79105
5 79201 79202 79203 79204 79205
5 79301 79302 79303 79304 79305
5 79401 79402 79403 79404 79405
5 79501 79502 79503 79504 79505
5 79601 79602 79603 79604 79605
5 79701 79702 79703 79704 79705
5 79801 79802 79803 79804 79805
5 79901 79902 79903 79904 79905
5 80001 80002 80003 80004 80005
5 80101 80102 80103 80104 80105
5 80201 80202 80203 80204 80205
5 80301 80302 80303 80304 80305
5 80401 80402 80403 80404 80405
5 80501 80502 80503 80504 80505
5 80601 80602 80603 80604 80605
5 80701 80702 80703 80704 80705
5 80801 80802 80803 80804 80805
5 80901 80902 80903 80904 80905
5 81001 81002 81003 81004 81005
5 81101 81102 81103 81104 81105
5 81201 81202 81203 81204 81205
5 81301 81302 81303 81304 81305
5 81401 81402 81403 81404 81405
5 81501 81502 81503 81504 81505
5 81601 81602 81603 81604 81605
5 81701 81702 81703 81704 81705
5 81801 81802 81803 81804 81805
5 81901 81902 81903 81904 81905
5 82001 82002 82003 82004 82005
5 82101 82102 82103 82104 82105
5 82201 82202 82203 82204 82205
5 82301 82302 82303 82304 82305
5 82401 82402 82403 82404 82405
5 82501 82502 82503 82504 82505
5 82601 82602 82603 82604 82605
5 82701 82702 82703 82704 82705
5 82801 82802 82803 82804 82805
5 82901 82902 82903 82904 82905
5 83001 83002 83003 83004 83005
5 83101 83102 83103 83104 83105
5 83201 83202 83203 83204 83205
5 83301 83302 83303 83304 83305
5 83401 83402 83403 83404 83405
5 83501 83502 83503 83504 83505
5 83601 83602 83603 83604 83605
5 83701 83702 83703 83704 83705
5 83801 83802 83803 83804 83805
5 83901 83902 83903 83904 83905
5 84001 84002 84003 84004 84005
5 84101 84102 84103 84104 84105
5 84201 84202 84203 84204 84205
5 84301 84302 84303 84304 84305
5 84401 84402 84403 84404 84405
5 84501 84502 84503 84504 84505
5 84601 84602 84603 84604 84605
5 84701 84702 84703 84704 84705
5 84801 84802 84803 84804 84805
5 84901 84902 84903 84904 84905
5 85001 85002 85003 85004 85005
5 85101 85102 85103 85104 85105
5 85201 85202 85203 85204 85205
5 85301 85302 85303 85304 85305
5 85401 85402 85403 85404 85405
5 85501 85502 85503 85504 85505
5 85601 85602 85603 85604 85605
5 85701 85702 85703 85704 85705
5 85801 85802 85803 85804 85805
5 85901 85902 85903 85904 85905
5 86001 86002 86003 86004 86005
5 86101 86102 86103 86104 86105
5 86201 86202 86203 86204 86205
5 86301 86302 86303 86304 86305
5 86401 86402 86403 86404 86405
5 86501 86502 86503 86504 86505
5 86601 86602 86603 86604 86605
5 86701 86702 86703 86704 86705
5 86801 86802 86803 86804 86805
5 86901 86902 86903 86904 86905
5 87001 87002 87003 87004 87005
5 87101 87102 87103 87104 87105
5 87201 87202 87203 87204 87205
5 87301 87302 87303 87304 87305
5 87401 87402 87403 87404 87405
5 87501 87502 87503 87504 87505
5 87601 87602 87603 87604 87605
5 87701 87702 87703 87704 87705
5 87801 87802 87803 87804 87805
5 87901 87902 87903 87904 87905
5 88001 88002 88003 88004 88005
5 88101 88102 88103 88104 88105
5 88201 88202 88203 88204 88205
5 88301 88302 88303 88304 88305
5 88401 88402 88403 88404 88405
5 88501 88502 88503 88504 88505
5 88601 88602 88603 88604 88605
5 88701 88702 88703 88704 88705
5 88801 88802 88803 88804 88805
5 88901 88902 88903 88904 88905
5 89001 89002 89003 89004 89005
5 89101 89102 89103 89104 89105
5 89201 89202 89203 89204 89205
5 89301 89302 89303 89304 89305
5 89401 89402 89403 89404 89405
5 89501 89502 89503 89504 89505
5 89601 89602 89603 89604 89605
5 89701 89702 89703 89704 89705
5 89801 89802 89803 89804 89805
5 89901 89902 89903 89904 89905
5 90001 90002 90003 90004 90005
5 90101 90102 90103 90104 90105
5 90201 90202 90203 90204 90205
5 90301 90302 90303 90304 90305
5 90401 90402 90403 90404 90405
5 90501 90502 90503 90504 90505
5 90601 90602 90603 90604 90605
5 90701 90702 90703 90704 90705
5 90801 90802 90803 90804 90805
5 90901 90902 90903 90904 90905
5 91001 91002 91003 91004 91005
5 91101 91102 91103 91104 91105
5 91201 91202 91203 91204 91205
5 91301 91302 91303 91304 91305
5 91401 91402 91403 91404 91405
5 91501 91502 91503 91504 91505
5 91601 91602 91603 91604 91605
5 91701 91702 91703 91704 91705
5 91801 91802 91803 91804 91805
5 91901 91902 91903 91904 91905
5 92001 92002 92003 92004 92005
5 92101 92102 92103 92104 92105
5 92201 92202 92203 92204 92205
5 92301 92302 92303 92304 92305
5 92401 92402 92403 92404 92405
5 92501 92502 92503 92504 92505
5 92601 92602 92603 92604 92605
5 92701 92702 92703 92704 92705
5 92801 92802 92803 92804 92805
5 92901 92902 92903 92904 92905
5 93001 93002 93003 93004 93005
5 93101 93102 93103 93104 93105
5 93201 93202 93203 93204 93205
5 93301 93302 93303 93304 93305
5 93401 93402 93403 93404 93405
5 93501 93502 93503 93504 93505
5 93601 93602 93603 93604 93605
5 93701 93702 93703 93704 93705
5 93801 93802 93803 93804 93805
5 93901 93902 93903 93904 93905
5 94001 94002 94003 94004 94005
5 94101 94102 94103 94104 94105
5 94201 94202 94203 94204 94205
5 94301 94302 94303 94304 94305
5 94401 94402 94403 94404 94405
5 94501 94502 94503 94504 94505
5 94601 94602 94603 94604 94605
5 94701 94702 94703 94704 94705
5 94801 94802 94803 94804 94805
5 94901 94902 94903 94904 94905
5 95001 95002 95003 95004 95005
5 95101 95102 95103 95104 95105
5 95201 95202 95203 95204 95205
5 95301 95302 95303 95304 95305
5 95401 95402 95403 95404 95405
5 95501 95502 95503 95504 95505
5 95601 95602 95603 95604 95605
5 95701 95702 95703 95704 95705
5 95801 95802 95803 95804 95805
5 95901 95902 95903 95904 95905
5 96001 96002 96003 96004 96005
5 96101 96102 96103 96104 96105
5 96201 96202 96203 96204 96205
5 96301 96302 96303 96304 96305
5 96401 96402 96403 96404 96405
5 96501 96502 96503 96504 96505
5 96601 96602 96603 96604 96605
5 96701 96702 96703 96704 96705
5 96801 96802 96803 96804 96805
5 96901 96902 96903 96904 96905
5 97001 97002 97003 97004 97005
5 97101 97102 97103 97104 97105
5 97201 97202 97203 97204 97205
5 97301 97302 97303 97304 97305
5 97401 97402 97403 97404 97405
5 97501 97502 97503 97504 97505
5 97601 97602 97603 97604 97605
5 97701 97702 97703 97704 97705
5 97801 97802 97803 97804 97805
5 97901 97902 97903 97904 97905
5 98001 98002 98003 98004 98005
5 98101 98102 98103 98104 98105
5 98201 98202 98203 98204 98205
5 98301 98302 98303 98304 98305
5 98401 98402 98403 98404 98405
5 98501 98502 98503 98504 98505
5 98601 98602 98603 98604 98605
5 98701 98702 98703 98704 98705
5 98801 98802 98803 98804 98805
5 98901 98902 98903 98904 98905
5 99001 99002 99003 99004 99005
5 99101 99102 99103 99104 99105
5 99201 99202 99203 99204 99205
5 99301 99302 99303 99304 99305
5 99401 99402 99403 99404 99405
5 99501 99502 99503 99504 99505
5 99601 99602 99603 99604 99605
5 99701 99702 99703 99704 99705
5 99801 99802 99803 99804 99805
5 99901 99902 99903 99904 99905
ENQUEUE 43205
ENQUEUE 99101
ENQUEUE 12303
ENQUEUE 43204
DEQUEUE
DEQUEUE
DEQUEUE
DEQUEUE
STOP
0
