19
27
5
77777777777777777777777
11
19
3333333333333333
5
7
39385204706470122
8
271862976
71
89163418323
9
83047597039
73
5656775
11
74738895097205695210903459617736293606186179859394412654748216478299051531210411328097
1111111
74847657326591182861884199194744214495539593545510915696252911905657741730
69259
4968452341743325142736547655318931268572290573174712568285906714113224199436972
5857
77668129087118168429719129906844177688118
992
853882081474994392017381318092956707925394254552637114
92116785427300991086374718245761530996959946292550573149708665
673097238138
30815020408201058815984680422586843191488898082014098
59489544356391627
9677884413579540901264696629973526245318579144463881047
2906
4726398737743583548839
16335528482
5
20190607151625
126139387604
495214165839714583
8755
979252321434105820700898635378902
8393784816276540001228693395615268427873848836626062112532894437815439395887687575073668565593646673916360907435494489315232641541539402367
62344117451201853760584652526542546490532500515285283275023391060399757287298758655677384463018117653072801934705852524221908245816156802222312082784537619963785029145717332512674353367880872561654889740105063263
38465472437270531569371180487613680647871876617978226637876874904341346501413582462988627250189578905132191828580961242928040793
904749482172964943412495150661847399349216203618517249348653122156814215061194386806311491403782818947296499834128467407620715238355014288
56248431432599496404143425386209900124513996234156208643745043232826955666229451138157924040883615176106077155310090054754740445614651179811369321863858792172614058089328130065726239
49750882617301
95438168501458264725734205550600409359484851716634137275442263845999229927856140326123680674302336246839518182219573762333816248833074577190344131206660311704125683735953446392736001723646099543026973
7146353360762236119009387472980246927491911640578333848815741954498958550549977967866202361371875172872106774838156110578131975130609330484741986343336859390791175510
51761132196337661378738685873013753459706993207568517015780787936545809654106842680111658797555807650902259211357966306420891052352188602381150177527367964
71695300303988104806560525800792905696920907177808365099116133996119189702172172200959404863277510172200955629600353564948075717220095716216301972114691962926751552756287690333179576271
11
11