12
12
2
222222222222222222222222
16
7
333333333333
2
5
64708520470139322
4
197226867
7
81323891634
2
39700475983
98
5756
2
62051517989177521090597104113280972056963944126547482164747312936061863889503459378299
111
94724870982835529145739459446916187558509156911419925905611476573265417314
52996
7579965467314328491655684527331590632241943372471251894572290341727141136826825
4946
96817068491127629988297881116764417711808
881
178711485455494392567017925399180922633538820381147942
63654278579211549963009910959905457615300866773149718254629278
881673097323
301020888154980820964084431546808882258911
49186635927954435
5795967352624531961447882646931857966294441348810477090
9062
4873584763547273398398
16523532848
2
2019251516076
392613876041
791683834955142514
8633
972024107899108290438823555703632
8621156594437693157720907433940236778228391633935054958844278481627825400017687569394488853288653665973431543931523368264126863646679561560
52301811778453761996500515285283275023623446530728019347058525242446190208260584652391063785029145717332626542546490532039975728729512674353367880872582458161568022223187586556773816548897401050632631174512018537
46978235697890124298862912474902280266378768037270540793513278718955821368191766141337118048763846547725018828580964341346506417
493184711491403993417621625904790361854907894014221506182123378281782444670633841568146352128468568063071568319234872964943412683594951502
31245139965624843149228130065726232594088361517610607709447465137322945113815900547556615531062341562086437450321863858792342538621798113699496058089390240445618269540414209172614340
50801726874913
79229543816895430262462935948483646523688330745753446319171663413725014582697334205550600404725762468395181822195737092638459983723338167544235961927867492736003023365614032719034413120666031170412580
5505491561183338489779675176343336852872106774838815057980246927491911640577419544330484741989390787472991175875130609551093718762236119088131971463533607866202361093
54113575212787967555807591150166306753459706951761132196337668013602380902420527610685132701578978790684268877116587987307964891013832075636545809635235851
56296861339911196628769033367162969209171630948005622365716951191897021725975155275404863277510509917957627100353564075750693190530030398810480656052580079297211469196292090717780
12
12