44
444444444444444444444444
112
666666666666
323542602350696610
788907468
569267241438
79400951966
564088
124103035978355042181194208226561944113927888253094964329494625872123727779006918756598
10514460679094743735177079998607696818994516417167611775522873899632461321854
401707849905790152743784657210464977146294030967486465404753098950171571687274417700
478857220757117257922121320003516810002602368
157444818686290559851542792276678392840147700755791336902
56122264952794539055142514275766288882934012604409488505963789117379222794
14806204832388533263814189197238497874742243244034280720285
52523056149483508634640712546496496890560227502920543389580
80528837927985684999265943577504
4038503032152
310826059040741825787085107074
8391484123493001871358363756389455056
450902109514855662512072998862522984387340426824685361125353489151405371407114626548210740271204016574178065267998769943922748170351829375067496696437411804151422473047103993820869154073974069288360077545274723755835983674643210167575581375590356669376935498917550460471484253332705097991991347931128307506970086185088505471130916538279425457752637720
23168947619039116887746259047571874053733780746392415299868757861735136142929619105529706205230780841694486676143750835053475656429935950565668325480152853786450492639357800842257198426413731396160451842750721037793928078617398246781364023245370703031231506246788334
1587307066702101843204792969312017019451881499198228908006087358196642696875744072424232147460774729083873626777121188537124150832793792892691898132304481173355100668783485639306257394190370052420
436197584880323345438775918342025153370038944258499083566489461419906095096256033637170525942574798525030810752179668745777019509396541366871027001621272541223788849000142863507363128537804535132282763119301575314300761810639560927774509986714608701529716740444835171326701819816365980073134567297301822844555029930124368744672367684332557631449398108971038949749940
3046424440361179736401462626615458295666501659337240704298383621311686603253829205818507750491433007524296134556228294180248042587575855567701662185788326762506383437854095704076810361825481186967809121547463143342420866891687936942460368135822881452441389194062457100876822614310273899283683343833164904339075041617553075698179130780
144
