13
388888888888888888888885
209
16666666666666665
275696432945290854
2174903808
6330602700933
747428373351
412944575
822127846069262647319938055795099229668047978453338539202230381261289566843314524609067
83164055379806055780851014451471438912353493323946179050179269200407279071362030
344110040736800956060790554059733860730048272807507417766913613112767794828805243748
454902232063251112492864943864386348719307126
847051024823194436881242267548213054261991100516216017088
62003553857267063283868979054170002838620217523724603350757842010827065770
1833171523416790108597088043876892464741951821770094231477495823157446
28123932105862145859075208406703067268895790993812038322582
77208221197699157474806122532398
100953035758125
62466011611847293921768229132
8573354074155596460236367552742287010
523303106446059383363205121666635263178665688611908803759619650121966385832641338305111186815629602161355191284133823812201978779733653430743296897818081790558222590864613498001219536425610434440521500551550149198473243318865540630321200207141414018013864872310918354495636646476451293467418879393774055425581054418744516659057667227343494235746943521
34801616269158969194700612028664018168792275986150385785856450138126651985021902501052924917306091217849361614216974177908279866494418374416515667619475853936597882869951989483968421148713817471209489169619247009206089680424646412880802038342876414714397171361850384
2798409109610561470637065597239273802659238690756564295143201435953731330437125368218366993358988582721359195862185497773550531740557960136326005339206952589924141902490139930780942378495671060939
682034876215388854186435635076573818566259154675800903462812589735010568664543521061632071258155865301271553766705328575771823320663395309431134127175346274372836178323570038295351518903517891253883888881077742635213351863551630437205333586235299994122349956658450519515770270265164871894041944571235986222337851823387965071962583566986426973639665743791602307031230
3711029916890856012853611131910736680984146209010977515365581135535479390123838034032497621819178238427181959082766210626060657925255429376369264819626350088983486127703975922075326070465319271557846470664953270297700106605518882854684226319602521707150186116718369767178444993228318308539728312242182999795194818170475059748044751419982244
121
