8 20 2
5 3
4 1
1 2
7 2
10 2
13 3
16 2
19 4
3 10 1
3 5
9 3
6 1
3 10 1
5 3
1 1
9 196 106 16
6 16
50 15
103 20
57 20
95 8
21 16
2 23
105 29
105 7
4 17
64 4
35 14
45 18
1 20
38 16
1 20
104 31
103 3
11 32
105 8
91 30
30 13
4 10
30 14
82 14
7 6
97 19
59 31
7 11
101 20
105 13
12 5
101 18
98 15
104 7
106 29
102 13
56 4
103 13
84 20
31 22
36 15
82 16
25 9
101 24
9 22
88 29
99 1
26 5
98 32
44 3
101 7
89 7
18 25
60 15
103 9
78 8
93 21
106 23
104 28
106 31
44 31
76 11
102 17
19 24
39 7
105 7
82 4
81 17
42 28
25 26
74 7
50 11
84 28
8 3
8 10
68 19
1 32
59 12
57 28
3 4
97 13
103 12
105 31
103 22
97 31
59 16
16 31
98 22
69 14
106 21
51 4
9 17
104 6
15 6
74 27
131 136 2
108 3
73 4
135 4
26 3
98 4
117 1
31 1
107 3
1 2
38 2
135 2
126 3
135 4
25 1
100 1
136 3
107 4
15 3
97 2
77 2
129 4
99 1
123 2
115 4
128 1
43 4
58 1
5 2
42 3
132 1
107 1
104 3
6 2
21 3
88 1
127 1
57 4
2 3
1 4
129 2
3 1
118 3
121 3
19 3
136 3
53 4
135 1
52 2
111 2
78 4
44 2
2 4
80 1
91 2
124 3
52 1
135 1
55 2
94 2
27 3
67 3
10 4
129 2
11 4
135 2
56 4
127 3
97 4
92 1
122 4
105 2
1 2
51 1
26 4
71 4
44 2
112 2
133 3
100 4
96 2
112 4
49 1
3 1
123 1
136 2
18 4
1 1
75 4
78 2
35 2
132 4
132 3
88 1
4 2
74 2
116 1
120 2
136 3
1 4
66 4
32 3
100 2
53 3
56 2
136 1
127 1
85 4
112 1
135 2
69 4
1 2
16 3
41 1
109 1
60 2
33 4
83 1
136 1
105 1
133 1
131 3
65 3
101 2
72 2
54 3
89 1
106 1
40 2
37 1
23 4
108 3
835 944 12
639 1
469 3
440 7
48 2
939 17
245 1
472 4
163 5
762 19
940 11
602 14
826 8
331 23
484 4
884 8
936 10
211 13
438 18
211 13
17 11
580 6
168 1
893 15
574 4
236 7
153 18
878 14
888 17
282 18
704 5
347 18
432 10
288 24
435 21
585 10
250 12
139 12
346 3
349 4
508 1
392 1
96 22
729 8
519 12
800 10
531 17
249 17
622 9
198 2
847 5
167 19
419 19
485 12
4 22
659 3
620 1
357 8
27 18
380 24
367 5
446 14
779 5
856 6
126 2
716 5
260 15
818 10
317 21
507 22
526 18
829 22
226 10
570 16
802 6
177 16
201 15
797 17
284 13
813 23
567 10
818 8
597 20
224 13
581 23
284 22
332 11
268 20
787 11
809 7
828 1
378 24
675 4
520 18
26 9
739 22
520 17
706 5
437 20
265 13
912 12
428 3
50 5
630 5
493 3
346 3
345 21
536 4
523 16
699 2
838 19
427 18
675 18
940 3
679 20
891 24
46 9
80 7
704 2
100 3
599 3
336 16
939 7
676 22
257 9
253 10
471 10
129 13
426 18
689 11
247 11
144 7
778 3
794 16
778 15
467 1
897 1
944 6
820 9
431 1
930 15
837 23
27 19
606 7
414 8
739 9
693 17
892 4
593 1
765 11
548 22
190 5
927 5
429 20
493 1
334 13
798 21
177 13
759 15
206 6
815 12
255 18
658 18
5 8
654 4
754 24
278 12
513 23
931 3
903 15
837 21
425 12
349 15
2 4
687 1
769 13
196 16
548 17
177 17
778 20
205 6
16 18
591 19
4 23
542 4
748 15
888 4
382 20
308 15
228 15
314 23
778 24
814 11
209 9
188 19
659 5
661 1
824 5
424 7
585 13
352 11
187 18
455 3
305 22
943 16
251 13
33 11
901 4
392 6
572 11
133 6
72 5
316 13
2 7
586 8
238 22
270 13
940 7
407 11
847 13
868 7
939 6
71 20
939 8
236 20
411 3
4 8
828 16
751 20
490 10
722 19
328 3
746 11
399 2
487 15
3 1
158 14
63 7
550 6
311 3
563 5
195 6
531 2
614 2
670 3
880 14
739 22
754 24
762 10
33 1
857 3
396 21
634 20
903 1
465 12
311 14
229 6
318 22
698 13
228 22
91 7
98 20
132 22
122 6
844 5
924 1
569 11
345 21
761 6
651 18
612 7
652 18
668 19
606 18
498 17
313 8
217 13
488 10
180 18
596 3
762 12
370 10
434 18
690 22
695 15
934 24
716 6
378 23
861 19
421 24
405 5
239 2
576 24
157 20
779 3
469 14
509 17
882 19
468 11
362 4
87 5
338 15
585 21
518 9
668 23
147 18
361 24
570 11
696 8
428 9
819 17
422 6
912 6
814 23
611 14
15 18
432 18
305 6
169 15
743 16
804 8
926 4
352 5
431 13
420 14
678 3
236 10
531 10
891 5
113 1
750 2
312 8
874 2
633 1
7 2
368 10
368 6
926 6
379 3
503 14
657 9
395 4
508 16
416 21
700 18
940 3
564 6
359 13
887 9
119 6
843 18
338 24
589 9
427 8
230 8
394 8
342 5
92 4
570 10
811 4
480 2
126 23
726 3
4 6
663 3
485 22
942 14
505 7
169 18
813 21
206 20
574 10
605 16
508 20
805 23
239 17
180 10
139 10
475 2
96 12
942 2
476 22
658 21
714 18
684 20
398 11
254 23
382 8
6 8
467 7
326 10
46 4
175 16
605 19
835 1
247 15
187 6
113 14
605 14
813 20
65 10
499 24
781 6
138 16
537 3
652 12
425 1
530 11
371 19
694 12
830 2
810 9
411 18
612 24
941 20
560 4
145 9
32 19
350 2
198 16
60 3
864 15
550 20
880 6
485 1
358 10
940 20
871 14
942 7
561 14
492 20
465 19
11 10
40 20
533 18
326 4
920 14
484 11
885 17
542 18
4 5
169 3
529 10
367 22
225 20
322 15
559 7
275 1
637 13
621 6
903 22
183 1
268 23
211 1
659 12
289 16
348 16
836 4
156 19
890 20
830 23
140 5
692 5
403 13
737 21
71 23
125 18
736 13
611 2
781 19
592 21
538 11
322 3
475 24
939 8
727 17
676 8
391 18
792 12
590 13
832 16
304 4
99 4
325 12
65 24
2 14
525 10
914 8
468 21
326 18
934 15
940 18
724 4
816 5
713 4
244 21
555 20
609 18
91 2
345 24
496 10
799 12
421 24
121 21
362 6
419 11
941 18
547 11
545 16
351 6
786 3
814 22
727 20
407 1
42 16
319 3
458 22
839 6
100 14
474 6
57 15
149 19
615 7
618 12
927 11
930 9
912 14
608 4
758 14
939 7
532 24
684 19
644 17
769 8
488 11
269 23
105 8
705 10
217 3
83 1
812 22
46 8
752 6
943 11
392 1
903 17
382 3
35 18
724 13
395 16
622 19
243 18
554 17
584 15
903 10
829 8
890 20
395 14
145 15
777 22
768 6
779 7
462 2
348 13
622 11
944 6
134 24
905 22
754 9
376 17
236 24
4 10
691 21
648 22
673 21
541 1
75 4
450 15
338 10
643 10
334 18
221 17
333 23
501 2
319 13
108 8
787 21
478 3
201 21
276 4
249 13
172 19
835 9
499 6
504 4
184 7
604 8
711 9
610 1
468 10
90 12
874 16
117 14
728 20
687 11
534 21
37 15
260 6
571 17
377 23
384 15
172 1
449 11
541 13
644 24
633 24
563 5
611 14
804 15
745 9
197 22
118 4
919 12
683 7
599 8
202 22
777 4
817 18
463 1
820 1
758 2
315 16
293 7
240 14
723 23
120 12
405 21
363 13
785 16
600 20
785 8
637 14
391 18
564 24
2 10
718 15
258 11
934 2
881 2
335 5
919 9
584 6
222 16
901 17
572 21
259 5
270 2
410 20
784 9
639 10
235 21
74 11
79 9
329 12
48 6
318 4
630 12
542 10
10 12
371 2
859 14
474 23
249 17
567 7
476 4
34 9
652 21
546 8
5 7
681 5
879 13
160 17
653 3
715 10
498 2
76 18
22 13
538 24
938 22
508 21
941 3
13 6
834 12
527 17
611 5
802 6
761 7
457 17
593 5
274 24
687 6
831 7
411 10
339 4
127 7
88 6
185 16
738 3
645 16
210 23
617 19
791 5
941 9
346 16
500 20
566 17
6 11
99 16
691 19
258 9
725 21
103 4
759 2
466 4
605 23
925 1
154 11
839 11
489 23
944 5
251 15
105 11
90 21
820 23
621 16
361 22
176 11
944 20
538 21
422 6
351 12
866 24
172 5
225 22
520 7
203 17
119 21
780 14
924 14
11 2
940 19
226 11
885 15
442 15
323 3
386 6
327 1
720 15
208 1
95 18
570 1
623 11
659 19
98 8
867 20
622 11
871 15
363 8
933 4
890 7
245 5
195 22
690 11
157 10
628 24
534 18
32 21
443 6
89 17
635 17
373 16
328 23
1 2
329 9
788 1
833 8
896 24
922 16
573 4
376 21
220 22
75 15
890 19
640 3
766 10
944 20
429 19
78 10
226 9
944 3
192 6
98 17
333 4
538 18
826 15
38 20
840 12
638 22
223 3
173 8
557 1
56 14
474 5
84 6
787 3
397 12
583 22
5 3
701 6
601 2
497 10
170 5
191 22
262 1
79 2
793 9
689 14
652 18
938 23
618 3
366 21
162 6
864 18
616 13
462 8
837 22
926 1117 9
456 11
168 1
1051 7
537 15
513 15
315 14
596 2
427 7
518 1
1079 3
627 6
1094 16
260 14
927 1
633 18
476 7
207 1
785 18
679 8
204 16
364 12
564 14
1016 4
754 3
937 1
273 16
171 12
23 17
483 4
179 9
43 15
73 7
130 4
333 8
1064 9
959 11
515 16
114 17
1003 1
433 6
731 4
109 14
55 16
502 11
1007 5
351 13
915 11
1056 12
179 15
578 1
886 9
764 12
47 16
1113 18
674 6
128 12
144 7
228 1
339 9
921 9
889 1
428 7
882 17
125 17
364 11
92 16
316 8
1070 13
578 14
425 7
572 13
633 8
77 17
189 3
249 9
628 11
1 1
4 13
734 12
1058 3
54 6
1048 4
1064 1
967 6
201 17
464 2
195 7
25 14
1117 12
1014 15
760 10
151 17
81 9
831 6
834 13
385 18
663 9
1001 15
1113 5
207 9
433 16
229 3
598 2
54 12
47 14
543 11
1017 15
253 16
1029 10
535 8
254 11
494 7
468 3
138 8
364 2
153 12
245 4
402 11
616 15
859 13
47 1
958 7
98 10
996 10
1037 2
917 8
324 12
280 10
389 13
417 11
914 2
699 3
519 5
128 6
823 8
494 18
384 15
624 13
401 14
999 4
591 17
491 15
742 1
929 7
1116 5
1113 14
808 10
911 5
137 1
643 3
352 14
552 11
891 4
39 12
314 2
166 15
693 10
446 13
485 7
567 17
126 11
874 9
1074 6
901 5
220 3
111 14
874 12
950 5
798 2
944 3
202 17
635 6
151 18
302 14
768 7
284 14
790 1
635 7
879 16
576 8
259 6
569 18
493 17
652 11
766 16
1087 17
697 11
1005 16
383 12
949 2
317 14
546 15
788 18
617 15
460 12
984 8
715 12
506 4
1079 6
426 6
34 2
3 2
729 14
381 15
1007 5
703 11
527 10
508 12
964 8
681 4
865 15
672 1
311 1
646 8
140 15
594 5
135 14
881 18
986 2
520 5
52 11
318 1
516 18
980 17
1093 9
159 18
129 17
59 10
1010 10
650 3
351 11
191 12
93 3
1033 16
644 9
806 1
425 5
716 13
209 6
590 12
1049 1
513 13
270 11
656 16
276 9
558 18
247 1
498 16
387 16
213 10
1115 12
781 1
351 11
662 12
466 14
229 14
813 9
567 10
256 1
172 15
173 6
764 15
612 1
749 16
649 4
250 10
309 13
540 11
843 3
567 7
991 2
596 18
160 10
188 3
972 10
738 3
463 16
132 14
697 12
640 1
384 13
101 9
90 5
452 14
422 5
221 3
13 18
878 10
582 16
347 6
104 13
78 8
428 3
597 10
1014 6
899 7
370 6
100 5
1116 9
579 10
580 10
207 7
940 2
425 8
742 18
280 10
739 5
348 3
715 7
664 4
145 16
355 16
747 13
6 7
416 12
203 1
1035 2
951 18
240 4
208 4
998 18
236 5
620 6
269 8
571 6
687 12
328 1
312 2
585 17
140 8
125 9
566 10
893 5
273 3
777 8
1063 13
1060 4
912 15
775 11
861 9
38 7
911 17
917 4
739 4
273 14
164 4
1096 16
1015 18
484 9
916 10
142 4
1044 4
866 8
1075 11
190 1
252 16
282 15
11 1
392 4
256 6
52 2
541 1
275 5
710 7
1115 14
73 1
76 6
366 13
1077 14
95 9
349 3
648 2
935 12
737 10
1114 15
837 1
728 16
345 9
1072 9
117 15
685 7
363 11
1038 8
19 17
778 5
661 15
8 15
425 17
931 17
506 4
49 4
956 7
121 4
659 1
189 7
1025 10
563 12
273 8
736 17
1116 17
156 9
454 14
537 1
62 18
995 18
638 5
803 16
417 8
55 12
905 15
415 16
438 13
791 5
616 7
510 16
1055 2
831 8
507 14
802 7
859 4
677 1
709 7
525 10
411 16
105 2
24 16
1068 13
1025 15
239 5
787 17
759 5
172 7
105 12
442 2
1114 16
340 4
400 7
341 1
791 18
975 4
906 17
371 2
1114 12
705 2
70 7
436 18
981 12
491 6
690 8
96 18
1093 5
226 11
461 11
228 13
622 7
398 8
805 1
192 7
823 10
774 14
210 9
985 13
641 4
307 9
487 8
231 4
644 7
662 7
1101 4
990 15
1052 9
42 1
168 17
1055 8
3 18
855 13
535 5
1096 6
549 10
380 3
443 3
678 1
315 16
1114 12
961 11
960 8
233 15
704 12
1 3
793 17
602 15
323 12
285 18
872 13
464 4
100 3
738 13
583 4
521 18
533 16
806 14
150 3
560 11
863 9
921 18
634 14
151 14
595 13
226 1
413 11
900 11
4 10
1079 10
883 10
494 17
395 11
525 3
367 7
1 13
840 8
221 16
384 15
430 7
14 7
2 11
240 4
1005 10
15 17
1037 4
1029 5
692 4
271 1
1064 14
328 3
1037 10
779 12
970 9
811 10
193 10
1039 17
1111 18
211 11
972 16
445 4
612 4
365 5
21 6
644 7
1006 2
340 5
357 12
431 16
504 10
988 5
31 4
68 18
844 16
1113 9
828 11
201 14
1115 18
217 13
237 5
983 6
473 17
494 3
1117 11
592 12
445 18
129 1
221 1
703 9
1002 3
906 9
643 15
939 18
713 6
993 7
700 6
670 12
746 7
772 9
495 18
777 9
623 7
931 16
893 9
234 12
965 13
426 17
547 13
161 1
453 13
171 8
825 7
1115 10
837 10
732 18
440 3
792 8
30 1
1016 18
505 8
864 13
1102 6
569 9
87 11
1094 5
156 8
1094 11
1017 4
299 1
966 8
842 2
65 9
1048 1
661 15
574 15
779 4
1079 14
479 4
1116 6
646 1
972 6
393 7
287 6
336 6
99 15
838 16
637 7
737 15
907 1
432 8
140 15
1029 17
113 2
398 12
407 14
696 9
1102 8
957 15
500 1
865 6
247 3
217 6
214 6
166 7
539 1
10 7
326 5
4 4
124 1
53 16
150 4
433 4
336 7
975 9
1104 9
837 16
1097 10
579 9
952 7
361 1
1034 4
854 3
52 10
1115 13
987 15
447 11
291 18
650 16
186 8
711 1
1069 15
129 15
76 12
820 10
1051 2
92 17
788 11
1030 14
84 18
548 17
819 8
795 7
619 5
1064 2
225 10
715 3
129 13
458 4
990 8
511 11
144 8
942 16
1113 15
1043 2
786 5
212 13
759 12
619 17
943 5
329 2
887 11
943 8
165 7
21 9
655 15
194 2
201 13
625 2
683 3
96 3
291 2
332 6
397 4
1070 3
66 4
1 9
1097 9
459 16
168 8
197 17
884 5
128 6
460 6
246 11
779 5
389 13
856 2
816 1
406 11
483 6
685 3
507 2
68 14
444 8
970 12
727 2
339 8
265 4
71 13
750 9
1003 12
599 18
577 17
808 4
580 9
1113 15
711 14
90 14
495 3
938 18
155 14
344 10
991 6
95 2
120 5
366 6
749 12
386 10
955 16
538 15
1055 4
108 3
1070 18
990 5
538 17
1113 15
472 1
393 13
465 12
434 12
368 18
814 10
1117 13
702 17
328 17
935 3
360 1
325 4
102 3
1 18
818 14
511 8
483 18
1086 15
696 16
109 3
903 18
1047 9
1117 8
12 14
790 8
905 12
921 2
59 3
346 15
225 9
647 8
1115 4
959 9
312 5
167 14
307 5
1050 5
132 15
1113 15
280 2
520 6
1034 8
434 6
1071 9
944 18
322 2
35 16
215 5
842 6
842 14
1091 7
563 5
827 9
703 4
603 6
233 8
805 9
1094 13
1002 3
32 16
1116 5
1117 14
427 1
531 13
647 12
1048 16
958 10
1038 5
1023 18
297 1
588 6
101 1
228 18
1117 4
892 2
623 15
128 15
85 14
947 9
759 16
1007 13
608 18
591 3
1088 16
1107 17
1105 8
314 18
311 16
766 17
1073 16
1098 5
874 6
465 13
963 9
419 4
29 12
60 6
520 18
332 18
804 8
147 2
1116 3
420 13
537 9
577 14
427 5
453 15
974 6
1017 15
502 17
461 6
300 4
746 3
65 8
323 7
968 9
1115 8
439 14
1105 4
418 6
828 1
877 3
175 17
899 15
611 16
985 9
555 4
1115 4
21 5
200 8
883 15
90 15
568 9
1081 1
1117 5
833 13
84 12
737 4
774 12
1063 15
86 11
68 9
1074 1
691 4
656 18
1115 14
1032 1
882 16
190 3
159 8
448 18
1096 18
923 14
301 9
245 13
530 18
89 15
443 473 8
290 7
208 4
438 3
334 2
472 5
470 7
30 13
303 15
167 6
437 15
183 2
472 13
1 8
78 2
183 8
326 1
257 7
280 16
177 4
308 8
418 6
225 9
115 11
471 6
228 10
249 5
243 9
414 9
350 12
217 16
186 13
305 11
468 10
182 4
183 12
73 4
369 8
365 13
48 2
48 4
242 16
351 6
242 13
59 9
130 12
409 3
34 16
304 6
398 15
37 3
129 7
1 6
457 5
233 14
299 15
384 16
297 4
473 9
186 8
129 11
159 5
193 3
8 11
232 11
233 6
92 5
473 6
437 3
294 12
136 12
43 8
471 10
378 15
33 13
368 13
405 11
337 6
417 6
257 11
473 2
150 1
438 11
257 6
222 9
160 5
86 1
218 7
394 10
453 6
264 2
71 8
152 11
108 8
445 8
343 10
72 10
448 15
189 15
344 5
91 4
58 5
177 1
153 16
87 3
76 8
329 13
275 7
314 8
363 16
451 15
245 8
91 14
423 4
119 3
346 5
297 2
14 15
259 2
352 9
47 14
239 3
36 11
227 11
371 3
92 1
471 10
179 16
238 16
319 12
406 3
235 5
23 15
180 2
458 2
404 4
337 11
371 8
473 16
268 1
261 14
239 1
369 5
80 14
62 8
17 7
383 11
309 1
355 13
448 15
344 9
39 6
268 6
461 6
130 13
377 1
126 5
268 6
472 16
183 15
132 6
296 11
157 14
177 3
204 2
277 5
233 16
255 3
152 10
303 2
260 15
139 3
235 4
120 11
431 6
182 4
138 6
100 5
305 12
318 10
405 3
71 1
206 13
270 11
447 13
336 6
116 10
142 8
263 15
446 2
431 11
2 1
285 7
213 4
119 14
30 6
92 1
16 11
213 13
463 9
346 14
3 16
196 16
469 2
336 1
119 13
472 6
391 5
320 1
117 13
392 1
296 16
141 8
3 10
29 3
331 6
473 5
19 3
135 16
470 14
319 7
327 14
175 6
396 1
53 14
418 5
80 15
39 2
306 5
389 11
239 12
6 7
340 14
86 6
380 3
433 1
309 1
415 9
255 16
335 15
8 6
35 10
361 9
116 16
269 14
427 16
470 12
471 7
167 4
230 4
465 6
259 2
365 1
232 11
466 16
277 16
3 15
185 5
150 6
74 5
193 3
203 3
23 8
348 2
62 4
350 7
159 13
238 8
151 14
65 5
12 9
267 7
268 8
1 14
446 16
337 8
202 9
41 6
286 4
344 8
214 12
140 4
365 12
473 6
269 3
313 13
414 4
148 1
2 12
141 6
375 1
385 5
202 1
297 7
427 5
99 1
374 6
433 1
386 13
212 12
268 8
292 15
219 1
470 4
240 16
27 5
113 15
455 15
430 3
372 8
234 7
3 14
472 11
275 5
202 16
49 7
471 6
419 5
1 4
358 11
431 4
306 3
83 8
327 4
139 14
371 15
156 4
123 2
392 4
101 8
163 7
451 7
290 8
467 16
308 12
318 8
85 4
75 15
471 5
467 11
219 4
12 4
305 2
181 16
419 5
52 8
1 14
144 1
345 3
294 1
432 15
2 12
278 3
172 7
18 5
220 7
55 13
204 14
120 14
144 10
392 8
156 15
438 3
425 5
91 10
93 9
411 15
443 6
471 1
166 12
143 1
293 14
174 14
227 5
361 4
342 14
192 14
239 7
62 6
22 7
398 1
189 3
472 6
345 1
409 15
175 16
357 4
45 12
64 14
104 1
387 1
470 8
18 5
1 6
66 4
432 5
2 5
235 15
5 10
370 9
470 12
269 16
317 14
312 6
177 13
178 16
86 15
463 6
381 1
197 12
43 10
23 7
197 11
329 16
128 11
180 8
63 11
469 10
64 9
244 14
53 2
445 1
375 6
59 5
425 9
408 9
174 11
434 6
364 1
472 14
448 9
415 1
45 13
414 13
277 11
274 16
207 4
72 11
321 5
288 16
245 2
325 3
1 16
115 11
72 87 10
28 6
4 1
1 5
87 6
1 14
82 4
1 3
83 8
84 6
65 12
79 13
20 14
7 11
56 17
3 10
48 16
86 10
87 7
87 8
87 19
85 6
39 4
82 18
86 17
22 3
84 7
16 3
86 7
3 2
47 8
5 13
85 9
81 2
26 7
4 3
2 2
22 5
79 20
64 14
4 16
67 5
87 14
86 15
6 3
83 19
39 7
85 8
20 15
28 5
38 18
73 3
47 6
87 5
29 19
15 14
67 18
84 19
35 11
84 1
1 13
63 11
33 8
18 13
18 15
12 16
2 1
84 15
2 19
85 15
8 17
27 18
70 1
460 522 17
469 9
317 28
400 9
493 7
125 26
375 18
259 17
226 4
184 12
459 16
47 3
502 33
106 17
15 14
100 6
518 11
66 8
451 33
312 2
56 34
353 11
99 34
248 24
180 23
13 20
385 3
19 20
472 10
448 32
166 28
354 23
247 24
455 7
166 16
22 31
313 24
182 16
28 11
418 4
481 19
134 5
129 17
493 22
87 26
516 27
237 15
377 7
60 33
2 17
492 6
296 24
463 1
521 17
98 24
509 4
136 7
444 1
512 16
169 6
277 4
108 24
276 33
107 27
360 2
144 34
517 5
246 25
254 24
315 33
13 24
8 29
237 27
368 29
404 19
113 11
521 19
81 23
28 6
354 5
410 25
306 23
301 30
382 32
69 29
372 8
514 21
59 32
477 28
161 19
345 4
14 1
88 32
481 30
509 27
336 22
440 30
86 14
190 17
329 11
233 7
88 14
138 18
26 32
8 13
387 16
376 8
429 7
303 8
3 22
80 22
356 4
521 10
515 5
104 1
258 31
32 27
371 1
196 20
319 16
413 8
457 30
517 16
326 11
380 14
490 27
512 15
1 28
197 18
130 28
324 16
343 24
462 15
95 18
60 24
446 1
521 3
305 11
321 9
8 30
173 1
432 23
75 34
37 3
57 11
521 4
34 14
387 13
329 19
381 14
485 6
100 23
514 10
461 19
390 9
430 25
277 11
80 11
469 8
412 5
426 6
496 32
336 27
10 16
122 15
187 2
334 21
66 25
220 2
514 29
468 3
53 6
141 30
318 9
8 3
5 16
206 14
113 18
32 27
144 2
517 24
240 33
236 22
200 16
284 20
180 27
41 27
57 34
506 18
310 18
220 19
449 7
38 10
456 27
400 19
225 3
305 15
27 27
351 25
179 4
11 29
55 23
444 3
187 18
314 12
319 19
86 19
516 21
173 26
62 22
441 6
445 1
466 22
319 27
93 9
464 5
189 30
279 3
514 6
234 11
518 13
354 9
158 21
151 27
234 31
96 2
147 22
329 15
424 24
30 21
205 25
379 14
367 26
131 14
304 22
247 7
473 31
75 23
340 20
309 24
18 9
374 32
518 22
515 12
301 29
335 17
113 15
60 6
342 5
1 24
391 17
452 25
336 24
321 18
512 14
517 12
56 10
510 33
165 32
61 22
251 31
137 27
1 24
277 5
520 8
471 8
293 24
220 20
197 13
484 30
6 13
74 28
251 8
386 24
334 15
239 20
29 13
503 20
521 34
398 33
102 18
317 17
325 27
7 30
6 34
446 16
466 7
459 34
478 9
522 28
487 32
424 8
20 2
205 18
51 30
316 21
359 17
517 31
483 1
391 1
182 26
446 17
252 31
176 13
417 30
243 13
181 34
435 23
124 11
521 19
350 16
258 34
33 9
225 18
352 26
522 5
204 32
255 5
246 15
255 33
265 22
270 25
249 27
514 15
89 31
359 7
507 14
165 7
266 21
375 1
394 30
2 15
252 16
111 30
364 11
272 27
280 27
499 15
168 25
410 23
59 18
3 11
141 3
439 23
464 15
133 20
435 34
249 27
381 28
407 5
445 13
219 33
417 30
446 24
126 11
108 28
493 34
229 12
520 30
294 30
96 29
369 9
164 4
141 32
221 21
81 24
343 1
510 17
6 6
119 10
513 12
270 2
446 2
41 11
5 7
447 34
136 3
337 8
103 14
55 33
156 19
481 13
289 24
328 32
310 11
263 1
158 33
483 10
517 24
393 10
176 3
24 29
512 18
4 33
506 23
311 32
3 24
117 2
124 29
75 3
33 5
145 27
190 28
432 30
149 19
380 15
521 4
235 17
153 2
56 3
347 26
176 4
233 6
345 21
248 22
319 12
78 29
159 17
235 28
263 19
476 16
394 5
92 2
492 20
240 28
35 27
2 29
261 26
502 25
180 33
182 15
104 11
88 27
519 1
89 21
197 14
401 27
72 21
320 5
227 25
193 30
19 30
447 15
218 1
214 19
520 30
432 25
481 14
100 28
262 27
296 28
520 1
328 23
490 34
235 17
253 22
333 24
127 8
219 10
468 2
434 4
407 459 6
458 6
242 5
247 5
109 7
35 2
387 6
392 5
131 7
284 3
94 10
129 6
169 7
403 2
402 2
284 6
294 3
53 9
168 8
392 4
175 7
426 4
170 9
307 11
303 5
167 6
290 6
222 11
1 8
255 9
6 8
351 5
282 8
299 10
459 4
398 4
451 11
423 10
459 9
170 3
131 11
12 7
75 9
20 6
322 2
457 7
227 11
87 6
201 11
148 1
227 12
153 12
100 10
356 1
147 6
364 9
457 7
22 10
173 11
307 2
358 10
329 1
433 10
207 5
83 10
452 12
61 3
384 12
128 9
195 5
419 2
141 4
266 3
382 1
458 2
247 10
195 12
348 6
391 5
120 7
289 12
456 2
166 1
357 5
178 2
275 1
268 4
271 2
193 5
199 3
311 5
168 1
318 8
306 7
457 5
318 6
76 2
84 10
336 8
80 3
422 6
432 2
72 6
381 12
458 3
145 6
12 6
457 12
249 10
457 3
30 5
454 10
12 9
416 2
337 7
324 11
428 8
458 4
46 9
318 11
269 5
129 3
150 12
138 7
360 2
228 9
257 5
88 1
310 5
30 2
224 6
334 10
289 3
262 12
222 12
260 9
288 9
274 9
347 1
417 5
44 3
28 1
11 12
149 2
194 8
432 8
148 11
130 9
245 2
18 12
128 11
26 5
404 5
95 5
439 1
106 11
77 2
47 3
456 7
412 8
133 12
459 3
184 7
170 5
168 5
147 3
195 8
168 10
348 5
443 8
389 4
206 3
459 12
69 11
99 4
171 10
454 8
147 4
198 6
408 12
431 9
229 10
155 9
36 12
42 11
94 9
6 11
86 1
186 5
358 12
134 10
326 2
412 9
1 1
343 9
367 5
285 12
58 7
294 5
329 6
147 5
191 4
315 5
239 2
282 2
332 9
328 9
168 5
165 11
127 5
100 2
422 5
421 3
398 5
52 9
274 1
295 12
381 6
125 7
457 3
303 8
143 4
327 3
458 11
67 10
2 12
417 8
451 4
121 5
25 9
175 2
459 1
141 10
235 8
111 4
325 3
3 3
131 3
77 2
73 3
458 10
399 2
297 10
412 6
459 11
262 4
121 12
339 7
168 4
34 12
408 8
399 5
242 5
109 3
436 11
77 11
437 6
440 5
63 7
459 7
311 5
39 9
307 10
183 6
1 6
247 5
407 5
65 3
459 10
297 11
457 10
9 3
89 3
259 3
356 8
129 4
104 2
36 9
393 4
444 1
374 12
427 4
2 12
297 1
330 12
190 10
214 12
45 6
299 10
104 6
103 7
44 7
203 10
343 10
457 3
51 6
148 5
1 9
6 8
228 11
3 6
280 8
361 11
112 12
199 1
274 9
327 7
457 8
1 7
458 8
417 10
457 6
409 10
116 9
128 11
325 4
137 11
457 10
286 7
132 4
111 5
321 6
327 8
458 6
441 8
459 4
428 1
219 9
293 11
84 8
324 8
40 5
148 8
457 7
261 10
90 9
234 5
258 2
26 7
303 1
330 11
88 5
233 8
356 10
137 4
378 1
2 7
286 9
399 1
427 4
321 10
253 4
388 4
447 12
82 8
353 5
256 3
336 9
266 9
320 1
269 2
346 12
401 2
50 4
456 10
238 1
98 6
249 5
310 5
180 4
285 3
457 1
299 7
433 8
344 12
386 8
9 2
14 8
182 7
271 4
176 7
110 9
98 3
83 5
356 11
78 12
33 2
284 5
364 1
252 4
18 4
370 6
1 9
214 5
456 2
453 4
458 10
113 10
133 2
266 5
273 2
359 11
411 9
284 9
102 2
269 1
407 1
192 3
261 321 2
280 2
59 4
215 4
145 4
110 3
27 4
220 2
191 3
155 3
139 2
261 3
235 3
60 4
198 1
320 3
249 4
1 2
233 4
101 3
196 1
221 2
198 4
114 3
290 2
158 1
124 4
185 1
287 1
306 3
25 3
320 2
294 2
200 2
299 3
258 4
169 4
183 2
132 3
77 2
146 4
18 3
258 1
295 3
318 3
321 4
43 3
281 4
18 1
56 2
176 4
8 3
179 2
321 3
321 1
120 4
82 3
321 2
6 2
146 2
85 2
37 1
1 2
137 1
88 3
286 4
213 3
320 1
93 3
45 1
3 4
247 4
321 4
321 1
122 3
2 2
321 1
125 2
321 1
127 1
321 3
123 4
100 2
259 2
289 3
162 1
159 2
181 4
314 4
112 2
1 2
295 3
107 3
187 3
150 3
1 1
1 1
220 3
292 2
279 1
114 4
320 3
267 1
318 4
197 1
193 2
321 3
258 2
321 3
284 2
299 4
138 1
305 2
205 4
303 1
19 3
156 4
201 3
136 2
319 2
60 3
206 2
68 2
321 1
108 3
220 3
73 4
113 4
129 1
212 3
262 2
279 4
302 4
321 3
247 2
7 1
132 3
103 3
1 3
102 1
16 4
29 1
76 4
320 4
1 2
142 1
304 4
231 2
7 3
189 3
53 3
146 1
240 2
136 4
155 3
45 2
233 1
188 4
321 3
89 2
24 3
56 2
202 2
1 1
69 4
54 2
140 2
321 3
263 4
206 1
212 3
320 1
51 4
28 4
115 2
109 3
215 1
163 4
125 1
68 4
227 3
183 2
109 3
1 4
303 2
51 2
321 1
103 3
102 1
5 2
268 3
219 3
231 1
211 2
71 1
109 4
42 2
169 1
321 1
261 1
60 1
233 3
32 4
60 2
239 3
187 1
7 2
21 4
231 4
250 4
293 3
204 4
188 2
248 2
134 4
306 1
123 2
312 1
320 3
321 1
312 1
304 1
180 2
91 4
98 4
112 4
303 2
105 4
290 3
128 1
34 4
1 4
288 2
140 3
318 1
82 1
239 4
320 2
321 2
158 1
148 1
170 4
122 2
277 4
150 1
98 4
212 4
284 1
204 4
164 4
290 2
196 2
289 2
36 2
167 3
252 3
320 1
239 3
28 2
184 4
64 4
321 4
5873 6902 10
6765 15
569 19
866 7
149 11
2546 13
1496 6
6427 16
1100 14
1495 16
6160 2
2141 17
2205 5
3423 1
6816 20
2383 1
5553 12
3841 20
3857 13
2773 9
5627 9
6901 5
6732 7
6211 2
290 14
1812 4
1338 17
3015 7
2771 10
3583 12
3011 13
5 2
3564 11
6582 1
3886 8
2467 9
1204 9
2876 15
1380 14
2834 13
5102 2
6541 3
4931 10
3838 2
3676 14
4602 3
3753 16
5288 11
1326 18
2865 19
4786 18
725 2
550 8
2842 2
3230 16
4156 11
1072 14
4836 5
1394 18
1583 20
4840 19
1451 17
6430 20
6032 16
6677 9
3164 8
6803 9
1192 16
5731 5
6821 10
960 16
2762 14
4635 15
6744 9
5403 16
6367 9
2801 15
2423 14
2935 16
6893 5
2747 7
4050 3
4009 14
428 9
1825 15
6334 18
1892 20
5593 20
5561 9
5699 13
3149 16
4229 17
2968 3
6669 15
1338 1
5162 6
5590 5
1380 10
289 7
1757 19
4893 10
757 7
2337 13
1663 1
3488 11
4530 1
371 19
3147 18
253 9
5578 9
14 11
5202 20
4980 11
4414 11
1902 18
3287 8
1136 20
3268 8
6525 5
17 8
1896 19
2200 12
3678 8
6094 17
6477 10
6605 10
1881 4
4020 18
3760 1
604 5
1034 9
823 19
2547 3
1036 10
2292 19
5845 14
5115 2
3356 3
119 8
4737 11
3428 1
6727 20
379 13
2720 2
6225 2
4571 17
498 18
967 14
3133 16
6473 16
901 19
5219 1
2210 1
2808 15
5625 4
930 15
1567 20
4508 17
2936 10
1498 10
5701 20
672 11
1569 19
5226 12
952 17
6836 5
462 15
1843 20
6829 20
4086 4
1531 15
180 18
3651 10
1661 15
1038 13
1609 12
5644 3
6312 16
6796 19
6056 15
2210 3
1575 16
3109 20
5260 2
4329 10
2149 7
2424 2
1848 14
922 2
5894 18
2804 14
115 2
6720 9
6049 7
1339 4
5146 6
4512 4
6276 17
2673 3
1433 2
3894 15
6606 17
1303 19
5021 12
5695 18
6595 10
2353 2
5460 2
6778 18
2699 9
1027 7
4977 18
3605 1
4721 16
1824 6
610 2
1332 5
707 20
5110 5
1935 7
3998 16
6056 1
2203 20
5984 20
5121 10
874 4
377 11
5986 16
5456 2
5131 7
2498 6
2549 16
5999 13
4403 6
362 7
6429 10
1689 9
2729 11
2724 18
6459 15
3174 12
4862 10
2217 5
6866 14
6673 11
2199 6
3508 12
2064 18
1807 9
6215 9
6482 15
1791 20
3501 5
5862 2
2511 3
4212 17
2858 8
4912 8
1761 17
6735 8
4040 6
4416 16
2560 10
1521 3
2626 7
1353 18
4976 10
909 16
4305 5
3683 10
2928 8
419 13
4043 5
5606 12
5652 4
1512 2
823 3
3001 16
5677 6
5518 11
3393 8
5050 8
1586 14
411 11
1531 5
1851 1
1268 11
136 9
1724 16
3043 6
376 20
6327 11
3603 20
2595 11
4059 9
4495 9
5250 4
5038 10
5149 13
3957 5
6412 1
1844 16
3350 15
6855 8
3299 18
1041 7
4720 4
6736 6
4052 17
435 4
129 9
6636 11
1252 1
324 15
45 19
63 18
869 16
4672 2
1797 17
1446 17
884 4
2980 17
2970 2
842 12
6259 14
1622 18
1175 11
5001 2
4187 6
1911 3
1089 3
581 18
3691 17
406 15
1426 20
4329 16
3209 3
1658 17
5116 20
1033 5
63 1
1096 18
3689 2
2496 11
6883 19
1241 8
2381 8
2271 9
1192 1
5596 9
257 6
740 15
1797 12
1481 14
913 15
735 12
4521 6
3727 3
1731 5
5954 17
3057 17
3976 8
1484 18
607 3
3064 5
1619 16
1511 20
4184 20
4005 3
3311 16
1863 20
4686 11
6175 19
2072 19
4741 6
1861 8
4274 18
65 17
3006 3
4370 14
1875 16
1073 10
1535 7
4001 11
631 2
5446 11
6760 1
174 15
283 1
6528 16
48 14
4653 17
956 17
953 3
888 9
4707 9
6661 10
1285 16
16 15
2767 3
2404 17
4123 15
6859 8
4312 13
4992 5
1 16
1757 1
4386 15
5263 16
6481 4
3181 10
1156 11
2900 15
916 9
4748 13
1529 1
3658 1
407 12
791 19
2584 4
4680 2
2386 10
2083 19
3513 13
1627 10
6648 12
5601 4
1425 19
5124 4
2079 1
131 6
407 5
4855 3
2799 16
6322 7
6339 13
2836 16
2362 4
1987 2
3764 11
3624 18
2667 16
6714 11
5147 1
4313 15
5896 6
5673 3
5953 17
3350 16
2868 12
3070 18
5943 1
1356 20
1588 17
952 17
926 8
1612 12
4101 8
3668 12
2979 7
2589 19
4645 16
1487 19
38 1
2896 20
4494 20
3590 5
6176 9
5499 16
6325 20
169 6
3051 14
3006 2
5794 7
772 9
264 19
3334 9
6516 11
714 3
1824 11
1458 16
2217 19
4093 20
5055 12
1808 18
3745 9
3271 2
1710 2
356 16
5460 13
5095 16
5591 11
1228 14
3108 20
3174 12
4342 4
360 11
2802 20
4742 7
4678 7
1753 1
5308 13
2336 7
2702 12
4352 15
923 16
1936 6
5282 18
4669 17
70 4
5918 4
2397 19
5102 17
4933 6
4729 8
1267 1
4362 2
1398 7
4587 4
1633 19
3778 17
1709 19
4905 3
5343 3
1431 19
484 10
2060 17
5334 9
4053 8
3944 15
3928 3
1899 13
2057 9
6901 2
3403 11
4838 9
6373 1
6900 10
735 12
15 2
4181 8
5641 8
3565 14
6708 14
6560 14
399 10
6660 17
3432 16
1168 14
2882 11
1177 9
6114 4
2723 1
3421 9
2751 7
4936 15
5619 20
3684 2
2249 9
3160 8
3691 16
4719 12
1075 17
86 11
6187 8
3872 3
6240 15
4404 7
380 14
5488 8
4701 14
5220 7
5111 11
1654 10
3002 14
6373 3
5082 11
2309 1
5700 9
3670 15
1734 4
5961 8
816 11
4140 5
4562 20
5155 2
6725 17
5667 10
409 2
5623 17
3480 8
3646 19
5119 4
5937 4
421 12
4415 8
1300 4
5579 12
1150 17
6496 1
3835 3
4016 5
4431 4
3315 4
4733 19
3685 9
4433 6
6190 16
6773 14
2177 20
6415 5
2366 15
4473 18
942 10
6596 2
3485 8
5172 4
2705 20
1558 15
1876 14
4252 14
1001 20
6113 9
2927 16
6467 3
5331 10
3075 2
4096 8
957 13
2566 6
2752 13
781 10
4216 7
6340 7
3537 19
4884 8
3622 10
1355 1
4688 13
3648 3
49 7
3609 15
741 14
923 15
3963 9
2460 9
6195 14
3405 16
1727 15
2803 13
5031 17
1431 4
2673 20
1596 2
3592 6
2992 4
4796 11
4789 16
4062 19
976 18
5786 14
253 5
4237 17
1547 20
6474 13
3905 17
2074 19
1557 6
3361 5
4356 3
834 20
4851 2
4338 10
3273 14
3896 4
1026 17
4720 3
6022 16
3582 18
6042 14
1887 13
6395 14
2393 13
4654 8
3632 8
4709 13
2895 9
1365 11
385 1
271 16
3413 6
666 2
1533 15
1806 4
6649 12
5481 15
4268 3
6646 18
3326 19
1075 5
5831 19
6429 5
2143 10
2892 13
703 2
862 11
1386 6
5820 1
5483 12
286 15
850 17
4200 14
1888 1
103 7
3543 3
6423 6
4375 5
3548 11
433 6
2838 10
5527 2
2727 19
1851 12
1934 19
5008 8
4730 10
3758 17
6319 18
5607 7
4505 5
3625 5
302 1
3580 1
2518 3
1836 13
142 11
4330 15
599 3
4871 20
2975 18
3293 3
1726 12
1791 17
5717 20
2289 12
2144 2
6855 6
6223 4
1358 3
74 10
5986 5
158 4
4491 12
1705 12
4679 17
4485 17
4673 2
5153 17
1891 12
3872 20
2211 11
5221 9
4627 9
4975 17
3176 14
6703 6
6468 14
2308 3
1504 14
3542 17
3230 5
762 17
5436 12
1854 16
2929 10
1617 17
3637 4
540 15
95 1
1498 16
2845 13
4805 10
2413 12
3 19
1667 13
3811 17
3115 12
4737 13
2672 10
2867 18
648 20
3890 18
991 10
5480 15
1222 15
6881 12
1495 11
5691 20
46 16
2227 11
1383 13
4850 20
6241 13
841 15
1410 15
378 1
3571 1
6776 19
6129 14
1530 7
1504 1
2138 5
852 14
1615 8
6580 14
3231 19
1126 4
1735 17
2247 13
1892 7
4867 4
5299 14
4331 15
2084 18
4115 16
3919 14
5467 1
5390 1
5822 9
4599 16
1977 11
5550 10
1482 14
951 12
3767 10
1562 1
6090 15
1204 16
6485 11
1436 3
4108 13
5340 18
1177 16
1065 20
1124 6
6103 10
5432 18
5850 1
1455 17
4386 6
6902 13
5063 3
3825 16
2419 13
2119 19
1894 4
2348 3
3804 5
5458 15
977 20
4380 10
1965 4
114 19
2668 20
857 20
1647 8
4530 6
1879 7
3594 5
6417 12
3523 6
2011 19
5962 4
1865 16
2893 16
6291 6
4356 14
2290 12
5633 4
1333 20
517 1
6825 11
4398 20
3823 16
2197 20
627 8
2405 3
6709 9
3638 20
4873 19
4004 11
6208 4
79 11
4288 16
5604 1
6768 12
1156 20
2071 9
3695 13
4839 11
6536 12
24 14
4910 11
4147 2
380 7
3993 12
5211 17
2547 5
5843 15
4701 20
1526 6
5514 19
4496 19
5617 11
2282 13
693 16
4541 19
5519 8
6530 18
2302 20
457 11
3648 10
4850 19
2381 18
3276 5
6778 14
4315 4
184 9
6 11
4895 1
3247 12
4243 8
2583 19
5103 17
4894 3
810 2
4159 4
5315 15
2664 18
1297 8
6282 14
1327 9
5851 7
5011 10
4215 10
990 11
58 2
4032 7
3605 19
2659 14
2093 3
4061 8
626 17
3935 17
3556 8
4823 16
6087 7
4403 3
1899 4
2360 12
6899 16
2740 7
415 9
6745 9
1304 3
1130 6
5820 10
754 15
3944 7
93 8
591 20
3088 9
4556 19
1198 17
4291 11
5640 2
2310 9
1054 8
305 1
2005 16
5335 11
1683 7
2708 3
554 12
3881 9
1711 13
8 18
6751 16
3948 2
4556 5
1161 20
4181 11
131 10
3115 1
5141 1
2151 7
4106 8
6719 16
2096 13
4602 19
1942 14
331 3
3335 13
2293 19
3783 13
1239 5
2515 7
5887 15
1371 3
4986 18
1222 11
5230 16
4801 14
4928 11
1393 8
2072 16
5097 15
1378 19
5812 1
2495 3
2877 20
3985 3
2395 5
4769 9
6371 15
4754 11
4431 13
2532 10
1760 11
3969 2
2642 3
3570 11
3703 13
6091 6
718 18
1286 4
1700 3
1554 7
6272 11
2131 4
4222 2
3109 9
6353 1
1731 12
3515 15
544 11
1162 14
1396 4
533 13
5514 3
2642 7
2319 2
200 8
5507 13
3748 16
2201 19
402 4
5903 3
3694 17
5849 2
1119 11
3684 10
4599 19
5545 2
4676 9
6420 17
3054 5
3562 20
1055 8
6232 13
4239 4
2901 8
1261 4
3613 18
5105 1
3198 8
3941 17
3134 20
4879 9
603 18
4498 4
6610 20
124 16
2991 11
2143 3
6364 7
1102 6
2866 16
4666 2
86 3
5424 8
2669 13
3785 8
2317 11
5311 18
2061 11
6346 2
3661 2
882 15
2911 6
3220 6
6826 13
3002 17
5669 2
5127 15
3669 8
199 15
3565 17
5335 16
2273 15
3077 17
3502 4
6443 16
4621 13
5968 5
4243 10
3990 16
5092 6
3096 13
293 13
6901 16
5230 5
4680 7
2146 7
4250 12
302 10
2102 13
3510 13
6728 14
1902 17
84 12
372 16
6022 10
382 9
580 5
5898 18
6093 10
6217 20
6831 17
3485 6
4903 17
2231 2
1183 16
1868 9
7 18
5724 2
6151 17
6863 16
1442 18
2072 18
3254 4
2106 11
2021 19
4025 7
6563 11
2853 16
319 11
3383 15
4443 12
6727 14
1631 12
2648 13
3904 9
2339 9
5691 5
4258 9
5128 15
1088 5
879 1
4274 20
634 18
5425 12
3823 15
1665 8
6848 6
1161 17
675 16
3585 4
1956 16
3209 9
5933 14
913 7
799 20
5167 11
730 1
5115 8
2590 3
26 13
2482 8
1347 14
4591 13
5870 12
6134 3
4414 18
3224 3
6151 20
592 19
940 15
2504 10
3707 20
758 19
5953 5
3188 9
1350 19
6424 16
1876 20
1309 20
6 5
2691 2
3811 1
4893 7
421 8
5551 20
3249 12
5806 14
417 19
386 5
3660 5
760 17
3184 16
3126 4
3953 20
2072 13
5313 16
4078 14
3124 10
3577 12
4011 4
6063 18
5626 12
1282 11
5064 17
6303 17
722 12
4764 5
3602 3
148 4
1417 20
1821 9
5055 10
5672 14
3175 7
4634 14
2901 10
730 17
5285 17
3136 3
3958 7
535 3
3800 8
5379 13
1114 19
6090 5
6740 18
4214 1
6060 6
2379 2
436 8
4153 3
5314 16
3707 1
3299 4
1907 13
6731 9
3694 4
1050 14
3880 15
4636 12
100 8
2961 4
723 11
6456 18
1964 17
3350 11
2491 16
1516 3
900 12
5197 1
3884 18
4 2
2202 18
6564 16
435 7
1271 16
308 7
1080 9
5406 10
5246 15
1855 19
4690 11
3332 8
1570 16
6162 7
3528 11
2029 10
197 8
953 6
1080 15
6503 2
2129 15
6380 14
3220 12
6404 14
2888 7
1859 1
375 11
4997 13
4104 12
830 4
6162 5
5429 1
3543 2
567 4
2496 7
373 12
4529 19
6218 19
6248 16
6393 7
4942 2
6870 5
1986 7
5199 4
4220 13
1892 11
3798 9
6849 6
6530 7
1899 8
1119 4
2851 17
3837 2
1284 12
848 1
4815 3
513 1
1133 20
4749 19
3639 5
3762 7
3728 4
5310 6
3505 3
2714 18
5370 18
2234 13
3044 4
6619 5
6900 6
2544 11
415 15
4875 18
4365 2
6439 16
4805 13
1185 12
1667 2
1207 15
922 17
1108 19
5256 6
2374 7
32 8
2649 2
3393 8
6178 11
6632 4
2501 9
671 1
4967 20
3744 17
3111 18
1233 5
201 3
1545 11
1243 12
1145 13
6142 10
2584 8
985 13
4710 2
4410 16
5866 16
4857 16
2421 9
6605 19
778 1
4606 16
6314 13
5192 10
510 2
2998 13
5122 15
6219 19
4127 11
2294 17
2934 14
3497 18
3885 6
1986 8
3410 10
2007 5
1274 17
743 6
2893 3
3701 15
501 7
3916 1
6884 17
5201 1
5883 3
4743 17
1709 14
5047 17
5740 17
4612 5
5809 7
1198 17
928 7
4771 8
6892 19
5064 12
6790 16
6584 6
3440 2
2464 7
3129 11
1330 16
6161 13
2468 14
2286 10
1934 3
1118 17
5928 13
6169 16
926 8
269 9
4067 4
6437 1
5280 10
122 9
5267 10
734 16
429 20
2364 18
3724 11
1899 7
5103 12
1039 7
901 6
584 1
190 1
5521 2
6465 16
180 18
3729 1
3415 5
3820 2
6114 6
1890 1
5031 8
5452 5
3426 9
15 17
4998 11
5689 8
4229 13
6757 9
6400 6
6719 3
1553 13
2545 1
3249 17
1407 8
2231 20
1042 13
5605 11
4689 7
1005 18
3929 18
6220 20
4636 18
2233 19
3993 15
2407 20
5904 9
3864 20
3792 15
2150 1
3282 9
4512 16
6596 15
3616 9
1969 18
4500 4
1108 8
1214 14
4137 12
5589 6
2240 14
2427 12
3459 7
3084 8
3456 13
3712 8
2028 13
5471 3
2727 20
5394 20
2556 14
4842 6
2126 6
6161 6
6804 20
5374 6
6101 5
6598 13
1429 17
65 16
5116 20
1884 9
18 2
4306 9
4964 1
4233 13
432 14
5381 14
6351 4
4583 4
1161 15
3563 7
6323 4
3345 19
2190 13
2390 10
4191 15
930 4
5328 6
664 8
825 3
6898 18
6706 15
2339 12
2369 18
4722 8
5612 7
2479 10
1800 10
632 7
2933 1
3699 9
1052 1
3186 14
4434 7
4719 2
3332 20
4123 1
2799 20
5493 10
1586 14
3133 10
1421 8
423 3
4188 14
3701 13
2654 10
2380 14
2800 7
1419 14
5323 17
913 7
1358 9
3042 11
6054 15
3971 2
4654 12
3773 14
5261 11
1908 15
338 16
5286 17
3546 9
3955 16
1723 1
5575 15
5761 19
6154 3
2023 5
2210 20
3640 15
307 18
1544 9
4636 6
3323 6
4312 8
400 18
413 7
4698 10
3820 10
6883 16
744 1
5158 6
3215 11
3808 1
4986 13
2586 3
3928 6
5311 18
6655 15
4292 19
4061 19
1082 9
1558 3
1564 4
6587 12
6828 6
3605 1
2555 9
977 19
5863 6
5321 9
2318 19
5329 10
2950 9
4588 4
1855 8
2501 7
4241 19
3912 4
2157 17
3644 17
5376 12
2486 8
116 17
421 2
2238 8
2490 3
4317 4
6544 14
3734 20
487 1
1441 5
3356 12
5125 2
319 15
2496 4
321 7
2186 15
5551 7
664 11
6365 15
1359 19
4311 13
1885 13
4144 9
2216 20
4583 14
4475 20
364 13
4325 12
4231 17
5989 8
5844 7
1381 12
2936 14
2527 2
113 7
3721 6
3614 19
5596 11
3074 17
1728 1
6625 3
5708 17
5075 6
5265 1
2088 17
290 8
2068 15
1631 9
464 8
1900 7
3195 3
5993 12
455 4
4294 14
1945 9
25 17
6443 14
188 18
700 15
3990 8
4009 19
1593 10
6090 10
1268 15
2887 10
786 18
6771 16
3779 20
1241 12
2414 7
4085 15
2018 18
5270 16
5973 17
6703 9
4146 9
2708 16
4564 2
6841 4
746 5
524 4
3368 11
1715 7
1429 5
5909 20
3404 13
1786 8
5074 7
538 19
6601 14
2189 6
5479 20
6419 5
565 20
4999 10
5105 16
1149 16
5986 11
4203 11
566 19
3301 8
5894 11
1465 20
1591 19
6238 18
1055 1
2930 13
2199 7
1670 18
6309 4
5260 12
6840 8
5688 16
6429 1
505 4
214 14
2042 20
557 13
6476 10
2210 9
58 8
1857 7
118 13
3162 2
1605 13
4990 11
2408 16
2601 10
1584 17
3301 7
1952 7
2859 2
3451 15
4026 2
2455 17
5451 14
4987 6
1537 2
6876 19
6598 18
808 11
1647 8
1124 13
3352 13
1121 6
6305 17
2509 5
3601 13
524 18
6309 3
4204 12
2249 2
1112 17
280 5
6249 15
4892 5
6162 16
1347 18
6874 9
4395 16
2637 15
6227 14
4737 17
4879 16
5744 6
3200 8
3368 7
3541 10
1599 4
2966 13
2829 15
1407 3
2553 11
3942 15
612 4
4685 5
550 2
5852 9
1818 19
3006 13
1894 18
3946 1
2173 18
3433 8
16 11
1210 5
2272 16
1484 1
2674 14
6900 16
3824 3
6796 12
1913 12
3283 17
5750 3
1693 15
5550 10
3697 8
2306 12
6151 11
6811 3
2972 20
6033 5
299 5
559 20
1954 4
5448 12
4300 20
5380 6
1594 20
6826 6
1426 18
921 19
1106 2
1696 2
201 10
3658 13
6456 9
6225 6
3590 6
1302 10
1393 7
3863 13
2533 15
1286 19
2983 12
5237 15
1199 9
4457 18
4485 19
2474 7
6318 8
1918 9
3505 7
2989 20
1666 1
1543 10
5955 11
1122 1
3637 16
3860 7
2171 9
948 2
6412 20
4735 6
599 1
2075 6
5249 5
5423 13
1084 4
4502 7
4610 3
3140 2
3469 18
1937 16
3578 7
1042 6
3597 18
5780 14
2787 20
3118 7
3487 19
2195 13
6240 14
869 18
4012 2
5667 14
2991 12
809 16
6041 8
1176 9
264 8
4490 6
2413 11
3287 1
5954 13
33 11
2202 19
5361 16
3608 1
764 9
6385 18
4568 6
4717 19
1730 11
80 2
5060 8
243 18
4544 9
5341 7
1693 8
2665 11
4252 20
2836 14
4192 8
1519 9
1358 7
2976 11
3591 20
5440 7
291 18
2554 7
1753 19
3166 9
2523 4
5067 18
2391 2
4561 18
3313 3
6364 8
662 3
5268 14
1581 10
1106 11
1665 11
4531 17
721 8
5999 3
6155 20
1231 9
3294 3
4881 9
3850 11
5673 7
146 10
539 3
4930 10
5365 12
3504 18
3912 2
2817 20
5774 1
3035 13
5493 16
5992 17
2191 19
3 13
1571 2
4623 18
985 18
763 7
4958 7
4873 3
4600 16
361 11
6384 11
6636 1
2042 5
2539 20
1165 1
2493 8
4437 11
1765 20
2820 9
163 18
5949 17
1058 1
1558 10
2327 12
3917 1
6902 2
1497 12
3026 8
4529 9
1323 5
3154 7
3806 12
13 12
6511 7
1230 20
938 20
1752 4
5678 18
1706 9
2410 4
6021 7
5096 7
500 7
4142 12
4074 9
2716 15
111 9
597 20
2738 7
6447 14
5885 6
1526 13
1657 19
262 17
3664 16
6685 9
4094 4
1861 5
1915 3
529 20
4259 14
1474 14
2360 6
2405 13
6049 20
492 17
1663 17
2444 1
1012 20
5828 14
2820 5
5020 14
4915 9
5857 9
6469 2
1440 10
2319 20
5408 13
6898 2
2969 4
2565 18
2943 14
221 15
5661 15
5963 5
6240 19
3569 15
682 11
2546 18
1936 12
5466 2
5320 13
1987 13
1465 18
3796 16
2077 12
2651 11
5398 8
4522 18
3509 18
2694 15
5081 2
2243 16
1603 8
6055 11
5831 12
3911 7
46 7
6552 10
1509 3
5084 5
2806 10
3238 8
3232 8
3219 14
3365 15
6579 15
1858 17
1478 4
4586 9
3054 12
2839 3
4589 19
2615 9
3084 16
692 8
6016 13
3987 9
5727 5
6624 8
4359 19
6237 6
3833 8
2846 10
3541 9
2671 8
1949 13
3525 13
3077 1
1926 5
2465 9
6378 18
1120 19
2468 6
3095 11
5596 3
3285 7
3512 10
6669 7
4410 8
3011 8
5015 17
5959 15
4643 10
655 8
5594 2
2889 9
4856 15
1887 4
3043 3
6433 5
6902 15
6027 20
1436 12
744 7
6650 3
588 2
765 8
1054 15
2582 20
2523 14
6347 1
6464 17
710 12
490 11
6762 9
3927 10
475 12
3436 8
3433 1
4884 12
536 19
4665 3
641 13
5214 20
1421 11
4215 16
1855 15
84 20
6607 7
4440 12
2873 14
2010 4
3930 10
1702 11
1708 17
3060 4
5947 2
4003 16
194 15
6350 3
6506 16
3786 17
5432 18
4104 3
5137 5
1451 13
1474 9
3574 13
5449 20
3284 20
4557 8
6512 15
5585 7
2568 4
5030 16
508 2
1149 12
2718 13
3691 2
1522 2
4466 13
4058 14
3063 16
426 13
5895 10
378 12
4231 7
261 1
6362 7
5968 3
1509 5
3841 17
5374 16
3690 18
1121 18
4498 1
2872 16
5070 7
4386 20
3866 11
1553 9
6540 3
6456 20
5122 14
587 12
2243 19
5947 16
6249 11
6519 14
4064 17
5043 12
2890 18
2495 14
75 5
2283 6
5021 7
5320 6
5935 10
78 18
5759 12
3098 20
4905 9
6481 15
6213 4
575 13
3979 19
160 19
383 10
6642 1
279 16
2708 8
862 15
4014 10
5231 9
2768 18
5978 13
3615 1
4917 16
3551 5
4022 7
627 16
6803 3
1814 14
4719 10
2014 6
3666 7
1141 11
3490 7
5331 20
5024 13
5843 16
4233 19
1456 10
2578 15
1807 9
728 8
5446 15
6626 7
3430 3
1969 3
1043 10
6510 10
3276 14
811 20
3625 16
31 20
6006 18
6749 3
1888 3
4587 18
6667 7
2801 19
561 7
374 4
1987 18
6001 5
3992 17
1095 17
6571 16
3696 2
4103 14
6180 1
531 9
4738 2
2631 9
1440 20
188 11
4961 19
3495 9
4039 19
6043 13
5526 8
3781 8
3639 11
3704 10
5805 19
1637 12
5251 5
6066 6
3181 14
4092 16
4346 3
2845 4
753 2
4410 12
289 18
5853 13
1969 3
2272 18
5143 5
5718 7
2794 3
1397 18
3049 7
3707 19
5779 8
3015 3
3573 8
3931 17
4286 8
4358 2
2870 19
3660 2
5578 20
4926 11
2603 10
6692 2
5900 20
2178 11
2153 10
762 7
3495 6
923 11
5931 19
1011 15
2015 12
2215 11
3044 20
849 16
3121 5
6034 4
4782 7
1702 12
6414 4
3583 10
5673 10
1529 4
845 19
5336 3
4679 7
5553 4
5562 6
5523 16
6721 2
6719 4
3420 2
702 20
2052 6
5292 17
1386 11
143 12
2177 2
2547 14
1272 10
3513 13
257 1
101 6
16 4
2557 4
4588 14
2172 4
5198 1
6626 19
6481 5
6393 3
5497 2
4672 18
4025 10
3437 6
1201 15
4459 20
1158 14
2328 13
4735 2
1824 13
4873 8
3888 15
4498 14
964 11
5220 12
6335 16
342 11
3370 5
1468 20
5616 7
4265 8
4504 11
1237 13
2090 17
6900 13
2811 11
2620 20
3240 15
2194 4
6654 14
6585 1
1876 15
3896 6
5651 13
503 12
4885 10
2690 3
1100 13
4463 4
1977 19
2799 7
5694 11
3208 4
2973 20
1958 11
4096 10
6255 10
456 12
2291 13
2494 2
4418 12
1617 6
5489 4
2966 5
3087 19
5280 17
6277 19
4347 17
5801 14
5584 17
3168 14
2096 2
2976 17
3484 7
1646 14
3068 4
5699 14
3042 2
4839 17
5664 19
6787 14
2045 17
1883 12
6673 14
3528 13
6866 11
5553 2
3816 9
2796 18
4761 17
2361 17
784 15
1179 5
229 15
3458 12
3998 18
1064 1
9 9
4729 18
2218 18
2499 13
1257 7
4873 7
2924 17
6836 17
5945 12
1781 6
6268 6
5669 4
4793 3
4313 11
1947 13
4488 10
1530 17
6284 11
645 5
3634 6
1365 8
5340 8
4649 16
23 1
1367 12
2775 11
3588 8
4020 7
3536 7
3216 4
5346 9
5004 13
4462 17
6650 1
5320 19
6065 12
4443 11
6312 8
2555 7
5871 11
2114 16
4016 14
5668 11
6 13
4638 14
6897 11
5412 11
944 1
5259 8
4381 13
1327 4
1640 18
4932 1
2383 9
2240 11
3044 17
194 11
4720 13
1668 15
216 1
4679 9
1606 4
5849 13
3232 14
1530 19
5346 4
2287 5
4346 16
4046 3
750 15
139 12
368 4
6411 9
1641 13
3563 14
6857 1
680 13
2640 5
804 14
6746 5
6777 10
2942 18
2831 3
3400 11
6181 14
1311 1
1241 11
5012 1
6222 7
3770 18
993 13
6785 19
5848 6
2789 11
2201 12
4858 5
1293 15
452 7
6703 3
6248 8
379 16
4243 9
2887 13
2737 10
4993 14
5221 7
2495 13
1350 2
5540 4
796 6
3002 11
2946 15
3825 18
1809 5
1195 16
1887 9
6283 18
2867 19
1292 11
5263 20
2740 13
5817 16
6292 10
538 20
5516 2
124 19
6330 9
5340 19
2789 10
5908 8
4493 1
4580 6
6674 16
540 7
6287 19
88 3
3772 18
3827 7
6545 11
1628 8
2148 20
2346 15
3519 13
4210 8
5843 4
2305 18
4242 14
5896 15
3985 11
599 7
4644 1
4315 19
4545 19
5798 10
159 6
2119 5
4808 19
4387 10
6738 19
29 1
2207 16
80 20
3181 11
2960 18
4549 16
2100 5
6762 1
4166 10
3346 2
1943 8
1097 16
4306 6
5858 3
2817 4
3207 12
3116 19
3003 2
3147 7
5341 15
3996 3
5581 12
5113 8
2068 9
4754 19
3205 3
4732 9
2510 3
4723 11
1800 6
380 19
3960 18
3391 1
6573 1
3586 15
3108 7
1369 17
157 1
4922 8
4611 19
3301 15
1952 3
5826 5
3474 2
5846 18
3786 19
3187 13
1940 16
6448 13
1683 4
2794 14
818 9
304 18
6489 1
6339 13
5303 9
5316 8
1539 15
3354 12
6208 1
1070 13
194 18
2174 19
3051 17
2495 15
3829 10
5329 18
5568 3
5348 6
5074 15
1508 4
1745 17
5468 18
336 16
6015 6
1893 16
98 3
132 6
5741 11
6086 6
3590 9
653 4
3117 3
4343 17
4634 2
6248 7
1848 19
1084 19
2650 19
5613 1
858 15
5829 17
4652 16
2307 7
5701 4
1575 12
3712 5
5063 3
6195 14
3701 14
1361 11
4698 11
3241 11
6579 15
3198 15
2604 9
1626 1
6659 13
4834 5
6623 8
2590 8
5499 15
6667 3
4868 17
3744 18
5077 2
5027 18
2846 6
6744 7
5383 15
665 8
5932 1
5434 17
5829 4
4442 8
5618 12
1109 8
2813 3
1595 14
6369 7
4799 11
4878 6
6534 7
365 8
1397 12
1054 1
2978 13
5737 4
5348 10
6234 2
2390 11
2352 13
1948 8
5282 7
6850 6
4589 4
1688 5
644 15
752 2
6570 8
1241 1
5004 11
3512 7
1964 19
4782 6
3293 12
5094 16
522 14
5721 1
6498 5
516 3
676 12
5851 7
3595 20
4159 2
3333 16
3957 18
4565 7
4643 1
3101 15
5941 6
5301 1
2118 15
1803 6
3913 10
391 20
4813 18
294 18
6324 15
2983 3
4114 18
2307 1
6380 7
2891 17
1462 5
1206 3
3453 4
110 12
5354 20
1049 6
613 3
5409 19
5823 15
6638 10
1978 7
1354 12
6674 4
4575 16
1588 18
5550 2
513 1
1296 12
5197 7
2274 4
5743 10
481 15
5255 16
4833 20
5004 8
181 9
316 3
3833 10
6045 4
191 15
3575 17
5888 16
4767 20
5201 11
4824 7
3810 17
103 17
2833 4
4832 12
1217 1
3715 20
5550 20
3969 13
4986 7
6008 18
4371 1
6369 9
312 14
2900 2
642 18
500 8
6813 13
1148 13
4611 8
2363 1
585 2
5076 18
972 8
3005 6
5997 1
4018 4
3089 6
3467 14
5079 16
3599 13
1593 20
6120 2
4193 20
6538 5
6677 17
3624 8
4746 4
4252 16
5897 4
4045 13
3099 20
3140 11
1567 1
643 18
947 13
65 4
1135 12
5039 14
970 14
2222 19
1522 16
1718 3
2193 6
364 3
3057 2
3970 2
2347 19
516 9
5500 15
390 6
4016 8
6077 13
5287 7
2813 14
3716 14
5360 5
3200 3
2815 12
1499 12
2970 13
1850 11
2628 5
197 9
4742 2
33 3
1000 18
3173 7
2574 2
3917 8
1716 15
1047 5
4315 17
4027 16
1634 18
1685 9
2479 5
892 20
4550 16
6624 8
4602 16
2634 5
6357 1
4661 1
3891 2
2766 4
705 19
3115 17
6652 16
3393 5
1371 11
375 7
3618 17
4676 9
6002 2
3902 11
3635 14
1130 19
4687 17
6275 3
4737 17
1299 15
1894 14
6369 16
2380 9
4563 17
2665 16
30 18
192 15
3743 9
4500 5
656 5
4861 14
2447 5
5091 6
2241 3
930 5
3077 1
6571 2
4677 19
2179 19
3051 19
3654 5
6523 10
1490 7
1317 12
6027 8
6883 9
2460 7
4617 17
1410 19
4218 11
820 14
4597 8
6780 11
3738 14
6685 3
1751 5
2705 16
6056 10
5839 19
2 3
4123 2
2392 11
5605 20
4217 1
1801 16
495 20
3008 20
6544 18
4290 11
4873 19
2998 18
1199 13
2893 12
2139 12
5573 6
3503 3
1065 12
6485 15
4100 20
6176 14
1583 3
5571 20
5111 14
3819 19
4659 5
3923 20
3285 15
6631 6
6793 18
6420 9
6227 15
6653 1
2521 18
1771 9
3317 9
2428 4
3102 9
2234 16
4883 12
6489 2
1722 9
1936 3
3470 17
16 1
5381 18
2480 17
5267 18
4651 13
4233 14
1435 18
5255 10
6134 16
11 2
3400 11
840 20
6761 19
4327 5
442 18
76 11
1098 8
4950 10
5994 18
4653 19
1438 1
2149 7
3260 18
5779 7
4390 4
6744 5
6557 2
199 14
6222 20
6463 12
287 10
6483 17
61 12
5840 20
3370 10
2234 10
4108 5
4575 2
4343 13
4480 19
1971 11
2854 19
2419 16
3678 4
1333 5
6317 15
5850 8
2903 1
4817 19
1414 4
1075 17
2428 3
6882 15
4311 4
3110 5
3711 15
1266 11
2554 9
2870 20
6213 11
720 6
201 5
5148 3
5776 19
440 12
1929 14
768 18
1725 4
498 5
4921 12
4964 12
6864 11
3868 20
5144 1
5174 5
5625 16
5243 12
3675 2
4730 17
4127 2
1487 12
5464 20
3532 20
4832 11
1595 11
931 3
3585 5
842 6
5668 5
6155 14
5143 10
2545 16
4888 3
6541 11
4426 13
1034 7
6567 13
5324 13
6481 1
6006 19
4149 5
449 14
1489 10
6368 18
1607 17
6789 8
448 11
413 8
656 13
747 13
4943 3
767 17
3591 18
2419 8
4056 16
6483 18
4115 3
1228 18
2049 4
3272 2
4403 20
1813 13
4454 7
4436 7
4538 10
23 8
4507 10
4385 5
2670 16
1590 12
3250 19
5188 11
1254 9
3633 19
1030 17
2095 3
3397 17
806 4
1873 12
5362 11
2876 19
4817 7
5103 20
3894 11
1961 18
6068 16
5504 14
5863 17
1050 20
2734 12
6432 19
1209 12
4824 13
977 20
49 3
4131 11
5328 11
5640 6
6601 17
910 18
1979 1
6402 15
5976 19
595 14
5681 19
373 17
2330 16
1813 9
6846 17
3833 15
1363 11
5460 17
4027 10
287 2
6655 19
2786 18
4589 15
4006 17
4805 3
2276 15
823 16
415 2
4931 13
3267 5
940 14
448 16
3662 7
6727 9
6135 10
2640 1
2285 16
1262 11
246 20
3423 17
6519 10
5466 11
1484 8
1949 11
1291 10
3397 17
2091 20
4095 19
764 19
1936 13
242 19
5532 19
5857 8
5142 5
5679 14
5226 1
2661 13
4246 10
2939 13
3733 11
5725 17
1293 4
4904 10
5427 20
6706 4
5745 7
2660 7
1678 5
53 12
1238 19
4471 16
2981 8
950 14
220 13
2047 16
1859 15
4014 1
270 17
1383 9
3043 14
264 7
4286 9
4971 15
6288 7
2094 19
831 7
4557 15
2465 5
4749 12
366 15
2569 20
5957 18
3213 10
3827 12
3529 16
3370 18
4940 7
6085 16
1692 7
1602 20
2678 12
1366 15
2377 9
2199 11
1625 16
2040 8
5161 1
739 16
6192 15
558 9
1594 14
6470 20
2508 9
1739 20
69 7
656 3
4586 2
3238 16
2996 4
3182 3
1226 14
1609 12
2209 17
5965 5
3276 2
5602 6
812 17
4555 5
872 4
3445 20
3810 20
6823 12
1519 1
3478 7
4916 12
1023 2
2597 3
4102 8
5871 9
6000 20
4552 3
3261 20
3029 16
1914 13
6710 7
4840 8
3908 13
4065 2
1434 14
3875 6
5747 13
2687 11
5299 13
4629 18
6490 16
6126 8
1947 11
6593 6
1881 10
6196 10
5188 2
639 2
3958 20
4893 2
355 7
2309 3
2052 12
3985 7
275 12
5756 5
3971 11
3910 1
3753 16
1106 12
2846 5
6388 7
577 2
1355 20
4108 10
2360 12
2298 17
2732 11
2231 18
5591 10
4915 14
4258 7
6883 2
5469 12
4192 19
5006 15
5810 20
5991 4
1646 14
4223 18
1661 14
5532 13
5417 12
3993 1
1410 17
6766 12
486 19
1650 18
6271 20
2230 9
4006 11
2160 14
5223 16
1059 11
6815 10
4437 1
3996 16
1783 12
5268 12
5259 20
898 18
4127 20
2328 19
2560 12
3432 8
4421 5
1444 10
6857 9
5787 8
1349 10
5221 10
6386 4
5929 6
4408 4
204 16
3789 15
2012 15
2544 10
4969 15
6588 17
235 17
4894 12
3310 18
1743 4
119 12
5811 4
5640 13
6007 8
2140 18
2914 15
6172 4
1968 17
2079 6
2612 7
6114 7
3493 12
1730 14
3521 3
5930 17
4548 20
4731 14
807 14
2903 6
1059 12
6300 12
3870 18
1893 17
5452 12
3834 10
6475 16
760 17
387 6
964 15
440 2
5643 4
2980 8
5493 12
5143 8
448 2
418 13
1188 9
271 15
340 3
2276 17
2178 4
799 3
2231 13
4230 12
1921 20
5053 14
345 18
3831 12
4614 19
4937 16
5418 10
3442 13
3941 18
511 12
2723 15
172 16
399 13
1604 2
960 7
1516 13
172 17
4473 5
2355 6
6829 3
3347 3
4155 5
3596 2
4145 16
2830 18
3631 14
5952 11
5610 8
6456 1
3165 12
2842 5
421 6
1079 19
881 19
3593 14
5023 15
4286 9
6359 11
934 12
2123 19
3675 3
2356 3
648 5
72 17
4140 11
5406 10
5769 19
3492 16
3126 3
1060 20
4203 2
6221 10
2813 11
1507 19
6171 7
1976 20
4553 1
2158 1
6535 9
4454 8
4326 10
5078 15
1088 8
1900 5
2253 10
5693 8
5886 2
1409 20
2153 18
1099 12
4503 13
2876 19
6027 12
2781 12
4386 19
2579 14
4948 2
2258 13
924 6
2918 5
4532 19
258 7
5247 11
3996 18
1239 2
2315 17
5987 7
6033 3
2137 5
1376 13
3306 15
6254 19
2997 10
340 12
3175 18
3152 14
5005 8
801 20
3344 15
1052 14
2852 10
5489 17
6484 14
3193 5
4716 9
4184 14
3805 20
5076 17
876 18
1123 9
4094 4
6712 11
5001 5
3447 8
2746 19
2016 8
4066 15
2842 13
3198 16
4203 11
5425 2
1166 4
2404 4
2932 12
1150 16
1327 1
1315 1
3851 4
1634 7
119 4
3647 17
4855 1
3055 6
3189 19
441 10
1470 5
3966 17
273 16
1627 1
3744 17
3906 13
3356 7
4298 16
928 1
1053 11
4576 10
5295 10
2146 9
5666 14
1125 6
5618 11
5376 18
3300 6
3353 1
3124 2
4002 13
3511 14
5103 16
6311 3
3310 15
704 16
3015 1
4830 18
1680 14
1756 19
1038 19
6153 9
2342 16
586 16
3736 7
4344 6
4163 12
3840 6
5481 16
3142 20
2985 19
5167 20
5043 16
6026 20
1661 19
2264 7
4993 4
1620 11
4224 17
3584 7
3629 10
1169 11
1346 16
4159 13
211 10
1124 4
4417 5
5821 7
5181 9
2997 6
4191 16
6648 6
164 19
5376 2
6413 15
6021 12
4668 6
1326 20
6279 1
3880 3
6425 10
681 6
5816 18
2115 5
3277 5
3298 13
4777 9
4045 6
982 8
1899 19
2452 5
1416 14
1498 11
6185 10
5151 9
6159 4
6602 19
4857 2
5310 20
6677 6
6195 1
1563 12
5782 12
35 6
85 20
2774 18
6771 20
4823 9
6102 17
6003 13
441 10
2814 2
3452 6
900 17
2172 11
2225 16
689 9
4034 10
597 18
4885 4
1332 20
5557 20
3819 20
2005 20
6793 15
2005 10
5154 16
674 4
4335 16
290 11
6225 6
2111 3
1319 1
5702 8
1048 2
26 15
2911 13
573 15
6022 19
1593 3
6275 3
4581 19
4088 6
2105 16
6613 7
1033 7
4404 10
5957 19
2289 1
5584 11
387 18
5896 16
4542 18
489 5
1488 9
3642 12
5255 5
4307 1
5148 15
2134 5
2289 13
5392 12
4471 5
5971 20
5397 14
1031 15
3281 16
664 14
4763 12
2636 5
5991 13
2844 11
2464 3
6254 1
4704 16
5151 9
5648 4
3807 3
2948 17
4406 12
5810 15
1816 12
2052 16
6900 3
5151 13
860 7
5395 8
2538 8
6384 10
4576 15
4682 18
5434 15
856 8
2916 14
2547 12
4685 7
5614 2
1296 16
6544 17
6012 6
1355 10
1726 10
5496 19
6104 10
4580 6
5533 1
683 13
4297 9
2495 19
2752 7
4284 15
933 3
1593 2
4618 13
1396 17
6812 7
1253 5
4903 15
5614 2
2935 3
3138 15
4202 13
1744 16
2261 19
782 14
6206 9
6360 17
6712 5
3279 13
3226 20
6859 20
2337 17
2878 18
1329 19
757 11
3728 4
2371 20
721 12
6087 17
1 1
2759 10
2118 10
1622 16
4283 13
1631 6
4584 11
4130 8
6614 9
5930 10
5276 16
3527 18
690 18
6114 6
1893 12
6142 19
553 12
2105 4
4062 3
928 12
255 4
6592 8
5752 7
1751 10
3752 13
5296 7
3590 5
6615 15
2688 20
451 2
4585 2
5744 8
3310 13
2093 14
5595 16
2406 10
4910 14
5408 20
6195 1
5357 8
3096 8
4144 12
310 12
1566 19
1634 6
5849 20
3006 7
210 15
4584 5
1191 4
4252 12
1162 3
5225 6
30 8
2335 18
3594 7
1385 18
2125 1
4288 10
2415 10
1735 10
6482 14
5276 5
4849 19
3696 15
4811 19
4936 2
5251 6
6108 19
4154 5
6845 16
6484 4
321 16
3888 3
4931 10
4351 18
722 18
5891 1
1858 12
1256 18
2057 17
3245 3
654 2
5186 1
949 12
5070 6
5019 17
3373 18
2820 11
3483 10
359 8
380 17
1534 16
3811 11
2694 6
2777 2
2716 14
4149 13
1090 15
5206 7
5561 1
5089 2
3338 1
2084 6
672 2
1776 12
2809 9
5977 13
3270 13
1361 1
2316 12
5135 6
152 13
2959 7
5787 2
4180 12
3530 3
2697 4
4385 15
3329 16
1038 6
6249 17
1424 2
1530 3
4274 7
4422 7
1969 6
1943 8
6177 7
4005 10
5581 9
2813 9
1468 20
2126 18
3450 8
1729 12
470 4
4934 9
2422 4
3692 10
5292 18
5086 4
3379 6
454 19
6218 11
5942 1
3451 17
6086 4
942 11
2173 14
6216 17
2494 2
4865 15
5141 19
3821 6
4429 9
6501 8
2005 20
2469 9
3604 11
3559 11
5209 2
965 20
1780 9
5728 18
6323 14
6291 6
5497 6
6219 13
3231 8
3179 13
3262 12
3840 18
1700 3
5253 7
4982 7
3494 11
3671 7
5538 7
1749 15
1265 2
4687 14
3271 1
6650 5
5631 5
4870 4
4694 10
3387 7
2812 19
5042 19
6439 9
3338 6
6811 2
4665 5
5083 1
6024 19
5820 18
4816 14
4679 17
4509 12
5255 9
5535 3
436 8
595 14
5768 3
4805 7
1211 20
3971 16
4952 20
4774 18
5228 11
4895 13
1316 10
1246 5
2673 19
657 15
1937 4
1920 11
6176 1
4460 19
5512 10
3675 20
5874 19
6265 18
4120 16
5560 5
1091 10
4040 2
1262 14
4055 5
1820 2
1395 11
641 20
1871 14
5414 11
3174 7
3715 17
4563 15
1979 18
4307 6
2574 11
5507 6
3690 1
2419 11
4964 9
2423 4
465 14
5762 15
3131 11
6565 13
1628 10
5457 7
4190 16
2446 15
4156 15
84 2
1528 7
2211 6
3822 9
4221 9
2084 9
6721 6
5263 13
2570 1
2593 20
1736 8
2526 13
2884 1
4687 4
403 7
3040 19
435 12
4696 3
2627 17
2904 14
2779 20
1830 7
5737 13
3147 3
2332 7
5836 19
151 19
2344 15
6214 13
3200 15
4537 19
4469 18
5422 1
629 1
6845 12
6221 15
3721 11
6374 14
235 11
6877 11
5899 16
6269 10
638 19
960 13
5440 1
6012 19
932 10
6811 14
6678 13
6142 16
6522 16
5337 2
2795 20
5229 13
3235 17
3703 6
5542 2
1269 19
3652 5
937 17
1398 18
2161 1
736 4
1018 5
4100 20
861 2
3531 12
350 3
6840 6
2105 10
3201 4
6701 2
2229 1
3932 15
3439 15
6177 19
4048 13
1250 12
2901 9
4598 3
1295 3
3466 10
6695 2
4283 14
1117 13
6394 16
2044 8
5586 17
5551 15
5364 2
1944 1
2026 10
1052 9
3816 3
5305 19
3812 17
3407 12
3705 17
4728 12
5340 11
4756 1
804 18
6312 20
207 12
2842 5
4653 17
4763 8
1247 7
6846 9
5127 18
96 10
1068 8
3805 17
6339 1
4446 20
3220 11
3399 16
4525 14
4387 5
2807 3
5008 5
2774 12
5642 17
4145 6
4725 6
828 5
2963 20
5429 1
4025 1
5940 13
6394 3
4538 5
4937 10
529 16
3949 9
4632 20
389 17
4030 14
853 11
5475 12
5089 13
4132 17
4533 10
5843 18
6743 16
2583 14
4414 13
718 5
1434 17
6848 14
1328 18
2126 17
1403 19
3311 5
6314 7
5821 14
6273 8
1475 15
3196 14
6443 3
611 5
3728 20
446 12
2383 4
3065 16
1213 20
37 18
5360 3
6244 14
2674 9
2802 20
5387 14
6825 20
4182 7
4194 5
3889 6
3448 12
6320 5
4153 18
3589 4
5392 9
4677 10
4247 3
3620 4
4331 16
4314 20
3659 15
796 4
3979 9
6218 17
4120 17
1705 19
6661 8
6043 11
6259 9
5418 18
5196 11
6409 1
2521 11
3430 5
774 10
3910 12
3597 10
1260 12
3498 3
6450 13
3891 10
5440 13
127 16
6783 18
5361 6
1089 8
6223 10
380 6
6875 20
3555 8
1043 11
1 9
127 10
5529 10
3339 11
90 4
5026 13
6834 7
5951 12
683 3
6444 14
2795 9
2069 8
1101 10
6662 18
311 5
2381 5
6898 13
4068 9
3303 8
1389 19
2084 17
596 6
3151 15
87 7
4269 6
2518 18
6169 12
4922 18
5655 20
3883 10
4570 16
2651 8
5867 3
1737 12
683 14
1010 7
651 5
732 19
2302 11
5530 6
448 8
4860 2
102 15
4419 17
4312 2
595 19
6855 18
93 7
1453 14
285 9
3347 10
5007 9
5622 4
5534 13
5103 18
4668 5
4811 17
871 7
6317 4
5667 6
4614 13
1880 1
5798 9
6675 7
4912 4
1245 4
4551 11
5257 15
1486 17
4560 4
3312 1
3585 8
2157 14
5159 6
450 19
499 10
2745 12
6754 16
475 12
3922 15
2854 19
2422 5
1820 15
3380 19
2060 16
3038 1
1696 14
6520 8
6899 9
6014 17
5219 1
5294 1
2057 12
526 8
6528 3
437 9
1970 16
6038 14
392 15
3535 14
6637 14
4250 4
5560 17
5857 16
1218 19
74 1
1691 7
2657 14
933 1
2755 3
6318 8
3595 9
6225 20
3951 3
999 5
4950 1
2863 17
6362 4
3145 17
3243 2
2113 4
4731 6
2455 10
432 9
4427 10
4046 16
4786 2
251 3
893 5
7 5
5739 7
5697 7
6157 1
6106 13
5717 18
1725 9
2662 2
3966 9
1526 9
3369 6
4677 7
5497 9
3365 19
339 18
4090 4
1185 10
6774 8
3751 1
5802 9
1643 19
5484 12
4690 5
1836 12
6695 19
3875 20
1630 17
1272 12
799 2
5795 7
2509 16
95 4
3653 13
3332 7
933 16
1059 7
5488 18
2075 18
2109 8
2854 5
5958 18
3634 15
434 19
5237 9
3419 11
4677 8
3690 17
4267 20
824 7
4681 5
4399 11
3399 4
113 5
3788 2
5511 19
5782 2
6629 6
4288 11
2440 13
5667 10
1962 8
445 8
2525 6
5645 13
1186 9
6426 10
3307 14
4610 6
2992 12
4304 13
5037 12
1918 2
5728 14
705 6
1615 20
5741 7
4973 5
929 20
2886 19
6877 11
2944 16
2380 16
2773 15
4632 11
1468 19
4909 8
5100 5
3297 5
2766 20
5999 15
3322 7
429 9
1127 5
5862 9
6133 1
277 18
3575 16
3122 14
3661 17
3304 4
553 7
3998 5
1512 13
3051 3
2653 19
4820 5
5940 16
6692 11
1806 12
4467 20
5465 12
639 3
3983 6
5200 18
6245 20
4072 11
3538 5
1716 9
4511 14
5068 15
4343 14
4511 13
3553 10
4961 8
2790 6
3749 19
5213 17
5735 13
6554 15
1780 17
5897 16
332 14
3601 19
4227 14
1548 19
2248 3
6557 4
2259 3
1901 16
5130 4
3022 8
5620 5
5768 12
3198 17
4754 11
2099 13
1739 16
4206 11
6491 2
1012 16
2803 10
3760 3
2309 2
3222 4
5351 5
3121 17
4881 4
4093 1
4805 8
4456 7
3389 10
1853 11
5673 8
5745 4
522 4
4944 17
2325 10
1170 14
2456 17
3316 6
3564 16
1088 2
3724 11
3927 9
4326 4
410 14
1182 6
5115 20
2166 1
5825 8
6114 11
1944 11
5965 8
117 4
3937 9
1206 4
3614 19
781 10
844 7
4376 17
1965 11
263 13
5977 13
3719 10
2239 3
2785 2
3427 7
3400 7
16 13
2325 20
3499 14
5893 18
3373 8
3882 16
5165 15
452 18
3566 15
3229 15
4659 14
4511 17
729 11
1081 8
6338 17
1062 7
6005 16
2642 15
2605 10
3672 4
1927 8
6669 8
5134 7
548 8
4085 8
2198 2
1716 8
1080 2
6342 9
2887 18
1864 9
3750 17
2742 3
3590 14
1853 18
6249 14
782 16
326 13
268 6
196 2
5974 17
3221 17
5380 18
6049 16
6035 8
4168 12
4299 8
2283 13
1503 14
3820 19
3316 13
2979 17
4111 3
3960 18
3958 1
6004 15
1001 16
4856 5
5424 11
881 11
3032 17
6750 20
5637 19
1834 13
3465 8
3005 20
935 12
3696 15
1803 19
2566 8
5353 2
2018 10
3107 17
6238 4
6359 17
4126 8
5173 8
853 2
1395 14
5004 12
1643 17
4921 3
3069 17
1906 6
4803 7
6093 7
4455 11
2010 18
2031 16
3487 15
751 1
5279 19
5457 14
3528 16
5147 12
4606 18
375 5
4523 16
5877 13
674 18
641 6
5979 14
4953 11
1014 6
4147 13
2026 8
6418 16
1121 3
975 14
116 13
5697 12
4343 18
1885 12
3836 14
6398 5
2582 10
6212 10
124 16
6881 9
439 19
527 13
277 11
452 12
3778 18
6126 18
962 18
4386 12
322 20
2958 6
4094 2
836 17
1577 10
1658 11
6432 8
6550 6
208 16
3832 18
1334 10
346 13
923 17
6380 13
3615 1
5453 20
2870 18
4052 11
4985 18
5434 17
4625 14
5620 20
4001 9
2968 15
4291 19
1145 11
5435 18
948 4
1034 10
3233 5
6152 5
18 14
1775 19
2688 14
5347 9
5301 2
1598 1
601 14
3107 3
2268 3
3144 5
4756 9
1333 10
6894 17
698 1
1741 18
1119 19
6762 18
2778 8
1150 2
5055 19
4717 12
810 11
3951 14
4083 2
6874 10
294 20
4944 15
4444 13
6494 20
6295 3
5986 14
2068 13
1693 18
6420 9
5016 2
5852 19
3540 6
6872 3
4444 7
3325 3
2865 3
6837 5
22 18
6350 3
6115 18
1877 11
3547 20
5451 20
3776 6
1318 15
1498 12
6285 17
802 12
2573 9
190 13
6453 11
5645 1
706 13
3106 11
1013 17
2294 13
5771 17
1259 6
6357 14
3254 15
2979 11
475 5
4034 2
176 19
2059 8
1695 12
87 1
2580 11
451 3
5829 10
4145 6
5616 6
4662 10
1533 11
542 12
5330 12
4518 20
7 16
4171 2
4273 13
1864 17
2554 17
6446 12
256 4
3501 9
2741 14
927 12
4049 19
3930 17
6398 14
4920 20
31 18
222 1
3846 1
6785 14
810 7
6897 20
165 18
6721 2
1912 14
4075 12
1847 10
6312 5
3761 15
6235 2
6747 12
1372 18
5639 13
2018 10
3167 6
2733 6
5869 16
3979 1
5483 19
2547 1
1798 1
129 16
5684 6
1973 4
6629 7
4621 18
3454 7
4468 9
6195 16
6581 3
2297 9
4462 15
6866 12
182 3
4955 13
752 1
706 12
3101 20
540 15
2331 16
6048 16
5921 18
6656 12
6169 2
6092 11
6313 5
2587 14
942 20
6457 15
2059 3
5495 1
626 20
3678 3
4727 16
3932 14
1711 9
757 4
5483 6
6302 3
1127 9
6665 13
1993 6
660 4
3718 5
1041 13
2141 11
6668 20
4116 17
5747 13
219 20
3116 7
185 5
2730 6
6838 13
4905 15
614 5
2083 8
3468 6
1484 15
3653 1
94 15
1123 7
5337 14
5843 15
6361 12
2011 11
5682 13
2449 15
2463 18
2718 13
6431 3
359 15
421 4
3365 15
4238 9
4604 1
2026 18
3013 20
5347 13
1847 7
5894 3
6618 18
6266 14
3161 7
4996 6
2331 2
3869 20
5474 7
6727 15
6212 15
6178 20
2337 2
6145 4
3145 20
1603 9
4772 17
1539 2
2960 5
3517 20
489 16
918 17
3408 3
1155 19
696 9
1848 5
547 16
1651 6
4538 18
6335 15
6540 1
855 12
6370 14
3966 18
1166 7
2755 16
2650 15
6579 2
5412 3
2179 3
6898 1
5490 13
1823 13
2981 11
2736 13
4809 12
4374 2
6525 17
385 15
4470 1
4697 3
5153 10
4354 8
510 4
5965 18
2927 10
3726 11
1891 13
3222 5
5182 16
4072 18
2874 20
2726 4
3734 7
810 17
5709 6
4036 18
5069 3
950 8
287 1
735 5
6260 20
4195 6
5445 15
5238 18
2478 9
5325 3
699 16
2271 5
1268 3
5593 12
528 8
3173 12
1207 16
2541 2
149 7
4891 15
6765 14
3105 6
5074 2
4696 20
1063 14
397 20
6160 9
1833 1
6468 13
3896 12
3293 19
2342 7
6245 16
6491 6
6544 6
6450 19
2511 2
2198 3
1150 11
6156 8
6902 20
2087 20
3875 19
1496 20
1601 1
2746 15
450 18
1509 10
4070 17
2278 5
1230 2
2104 3
3473 2
6363 17
3048 10
1051 8
1685 4
3987 15
2379 17
3432 13
6323 4
5076 10
1726 7
207 3
986 7
3848 9
5490 4
1033 9
2784 5
5499 9
3326 6
125 8
2521 9
5913 6
1731 6
73 19
4307 11
5019 18
1883 17
6672 8
2199 18
5532 4
5764 12
740 18
3950 5
5581 16
6719 15
212 12
3764 2
1898 20
3873 13
2953 2
1891 17
954 20
4996 15
3859 11
5747 8
3831 12
3632 20
5218 11
5117 17
3947 12
4677 16
3721 3
4150 13
4573 18
4112 1
2283 20
3802 9
2768 3
3779 10
672 1
2067 4
5912 1
639 12
1789 13
556 20
2983 1
4386 10
6818 20
6021 5
2092 10
4511 2
96 4
1298 12
369 13
2415 1
2560 4
6401 16
6902 5
5246 4
5772 16
3388 14
3323 2
4176 2
6201 11
5831 12
493 13
2211 17
583 11
2675 18
4431 14
5987 11
3418 3
5706 2
6620 9
4954 1
22 4
6681 19
2024 16
437 14
4670 12
6102 14
2044 18
6659 18
4092 6
1840 6
3190 1
5793 18
5115 13
1420 18
3834 8
478 5
175 20
1250 19
2103 9
110 2
1932 5
1505 5
876 3
3172 17
6888 18
3994 8
6356 15
1524 12
5840 2
2774 14
4692 18
219 12
404 8
5306 20
4959 3
1966 15
2093 6
58 2
258 14
4218 2
2282 5
4149 18
2534 6
2079 4
5330 14
1665 20
6567 10
1373 14
4531 4
399 17
770 11
4645 18
1536 2
1191 12
542 12
804 8
327 8
5265 7
5672 12
138 4
4874 2
1777 19
50 6
5998 11
5588 15
802 17
1045 6
3092 11
3707 11
4689 11
3106 3
818 11
3216 10
4427 1
6901 12
5633 3
1541 10
4787 15
4611 13
5345 17
5695 7
4210 19
1014 12
4616 7
493 1
6336 8
5582 17
3332 2
705 4
4762 19
6718 1
2677 14
340 19
1879 15
3490 3
5132 9
4816 14
3531 13
2885 14
5919 5
1345 1
610 15
3523 15
6448 12
2046 2
4659 19
5904 11
5620 7
2868 8
5734 16
309 9
2222 8
4278 10
3620 4
3082 8
5180 10
6270 20
3758 2
2986 14
984 12
616 14
1403 13
5661 4
3356 1
730 7
1826 2
4408 15
4231 1
4598 9
6407 16
5461 10
1912 12
1723 7
5247 12
1751 14
4017 12
1114 18
1684 16
3427 16
3314 1
2150 14
2567 18
5187 5
1342 19
361 8
2654 16
3727 8
5951 19
3408 4
5607 9
1522 4
2931 9
4470 6
3032 11
3359 18
2295 7
6161 15
1449 17
6656 7
2311 14
4782 17
1029 7
1073 20
678 15
1426 12
3340 20
4259 6
3493 6
4924 10
3035 12
5611 17
6492 4
3220 17
6332 1
5185 8
972 5
1987 8
4699 17
5326 9
6529 7
2475 17
6274 2
3473 17
1 5
938 2
3396 4
1636 2
4501 20
1961 3
1960 19
5299 17
2625 17
4422 19
5903 18
6030 13
2504 7
3657 4
2238 1
83 7
4019 6
226 7
366 10
3228 18
801 6
1623 1
5810 9
702 12
6223 3
2318 10
6621 16
808 16
5392 17
2 14
622 11
978 11
2045 6
2830 6
6616 3
2173 12
6740 8
2576 13
4196 8
5596 6
3553 5
5564 4
2792 2
977 10
4469 7
1809 11
5541 6
2039 19
6739 5
2464 17
6329 7
61 8
3371 4
598 16
5045 3
5332 4
4209 14
4070 16
2925 8
782 12
3854 15
2393 3
5023 6
5304 7
2511 13
1722 13
4793 6
4052 6
4844 17
3833 2
5713 13
6868 13
3410 9
2607 4
4367 15
6327 9
1369 15
3263 1
3084 4
3996 5
5900 10
261 6
1234 13
2923 4
171 10
352 16
2131 10
3650 15
4367 11
6826 11
2548 8
2118 20
6676 16
3612 12
2062 13
4149 18
2229 18
1192 3
2505 9
1037 14
2414 16
1498 1
152 5
2221 19
1963 7
6089 1
4722 14
3612 19
6321 4
2221 6
2119 20
6247 9
4888 17
1785 19
1514 9
3696 3
3876 8
5379 18
5366 6
3374 13
2839 6
4105 18
4172 9
674 13
3832 17
1973 2
1614 14
5168 11
6331 3
3370 1
939 4
4226 8
6787 14
629 8
2954 5
5554 20
3083 6
4747 19
4351 15
1279 14
381 15
2243 5
3496 20
6613 5
6610 4
2474 18
1549 2
2353 12
6649 18
525 1
6496 11
2381 1
1632 7
2373 7
5087 20
2559 20
1359 9
885 11
3971 7
882 13
2868 2
555 10
6631 6
4474 14
406 8
6742 15
6263 3
4370 8
2728 18
2689 16
5947 17
5104 13
1779 4
5 7
1516 5
3992 3
6606 19
1732 20
26 17
2022 1
4931 8
2265 4
1008 11
1638 16
2361 18
3723 14
4686 15
4800 18
3344 3
3902 6
5784 6
6717 7
4161 14
4845 1
6778 1
3937 15
4605 6
3883 18
5276 11
3801 18
1602 5
6855 1
4795 13
2529 13
5195 11
5915 4
2102 13
3544 18
3767 13
248 7
135 16
6562 3
3821 1
4595 19
5313 14
6824 5
1948 2
5149 3
3631 16
4275 14
369 13
5174 10
23 7
6219 11
5781 11
5898 14
2162 7
4475 14
1661 19
2307 18
1228 2
1445 19
5616 7
795 2
1825 13
5546 14
6716 6
811 19
5377 18
5370 3
5561 15
4085 17
6032 16
4859 2
160 18
657 9
4671 7
1135 19
2029 1
1698 10
4256 10
333 6
4356 2
789 3
3589 17
3836 2
59 15
1713 3
1950 11
5920 15
3302 8
6576 20
5807 17
3719 3
1815 7
755 14
187 4
1289 13
4475 7
2773 5
1136 9
1327 9
1762 4
6148 16
347 1
5703 10
5894 17
3281 4
1627 18
1026 3
616 8
5794 11
1193 7
3043 15
4390 12
2479 7
2245 17
2412 15
4061 17
5281 7
5446 11
3962 6
6489 19
6598 13
1491 7
5226 9
902 3
3192 7
1487 20
5544 12
39 6
101 9
1786 9
257 11
1391 15
3330 5
5461 3
1525 4
2494 8
4271 8
4225 8
2169 6
1631 19
4923 12
660 8
3329 10
467 11
6118 9
5207 19
518 2
515 10
2320 18
6704 4
2194 19
2732 1
710 2
4799 8
6500 4
384 4
3822 20
5406 6
4110 11
2255 2
4492 15
6561 6
4495 15
2124 16
1005 16
3255 10
4962 2
3018 12
4002 16
583 5
4301 9
908 13
5732 6
1618 10
2133 14
4464 19
537 9
5991 13
2247 8
337 3
1423 3
2392 15
82 17
1442 4
461 10
664 1
6087 12
3161 16
4590 15
2653 11
1544 13
5780 9
1320 20
4455 19
6353 2
2855 19
3694 12
4116 8
1218 6
3730 3
943 1
4811 12
1376 4
233 3
5023 4
4298 8
3351 5
2672 1
3919 15
3460 3
4635 7
190 1
3840 16
2104 12
653 14
6399 17
2040 12
2099 1
2058 2
4670 11
6322 3
1196 16
3568 2
3377 4
6392 13
5233 19
3626 9
6545 15
5704 1
1996 18
5354 20
1037 13
2532 12
3692 11
3261 6
1300 7
6343 15
2121 1
6449 6
113 9
6684 11
3179 18
6524 14
6105 15
951 11
6116 12
2809 20
983 14
5244 1
788 18
4834 18
5461 8
5354 8
4110 11
2687 7
4704 18
5602 1
150 13
1715 10
6374 16
2688 20
6069 2
2816 19
5350 10
2620 7
3809 7
6888 20
5015 3
5727 11
2438 5
5437 7
2494 16
1941 18
4746 2
5256 14
5168 20
2435 1
5991 12
5013 17
3842 17
2642 16
1321 16
3065 8
3089 18
4754 14
1414 1
60 10
300 16
1650 2
6698 16
2162 6
1011 16
3344 20
1461 4
2535 13
3551 15
5401 17
2192 10
5967 12
6751 8
6900 13
522 11
5537 8
4650 15
1407 3
6232 7
