8 20 2
5 3
4 1
1 2
7 2
10 2
13 3
16 2
19 4
3 10 1
3 5
9 3
6 1
3 10 1
5 3
1 1
9 1
764 828 10
742 16
384 1
515 18
722 20
413 17
475 18
805 15
722 20
266 16
175 17
737 15
582 13
407 5
303 10
487 4
573 9
407 10
363 11
455 10
743 12
280 13
671 7
467 3
675 10
410 17
556 10
629 5
166 4
619 15
190 16
741 4
544 7
159 5
81 15
753 17
201 16
169 4
714 4
297 18
176 17
758 7
394 15
275 6
397 10
480 20
90 4
822 4
819 14
669 18
769 11
233 12
187 2
827 1
515 6
34 4
10 11
447 6
342 1
241 5
549 5
356 7
354 15
43 7
363 20
701 4
801 16
336 12
567 1
660 16
522 19
146 7
242 3
414 19
632 16
391 10
411 20
489 10
681 20
670 19
549 14
425 16
294 17
540 10
508 17
382 11
243 17
495 19
554 2
825 9
113 13
92 9
3 13
29 15
120 2
686 10
738 5
628 7
212 14
253 2
740 11
644 14
418 1
217 5
116 4
402 5
393 14
539 6
317 7
615 4
342 15
413 9
585 17
200 4
259 15
340 7
103 14
474 9
732 10
704 14
824 2
527 18
298 1
188 8
681 18
247 1
201 10
785 16
360 1
534 8
771 8
77 15
132 19
200 10
201 6
488 18
400 9
376 6
117 20
236 6
739 18
518 16
825 20
796 11
397 10
565 4
815 10
813 2
588 15
376 5
140 15
575 15
803 1
376 10
383 11
412 17
826 2
714 10
163 2
279 12
730 11
258 19
258 20
595 3
653 6
20 7
675 18
136 3
286 11
261 9
13 7
766 15
32 11
517 19
379 11
25 6
334 19
538 10
298 18
477 10
335 20
354 5
296 10
509 11
488 13
304 15
79 7
827 13
239 9
243 17
706 5
783 12
192 8
562 20
772 1
826 1
643 10
5 11
280 16
478 11
598 18
374 4
644 20
503 19
508 14
191 2
386 15
507 10
405 14
251 20
250 6
207 1
518 8
500 17
94 18
232 6
824 14
482 15
204 17
445 13
208 2
425 17
520 4
309 1
408 12
678 1
28 14
357 12
768 3
633 5
695 16
112 5
506 16
308 19
271 11
717 18
395 11
422 8
552 18
213 14
121 16
826 3
161 7
558 6
489 6
138 9
429 14
426 1
212 1
828 1
91 19
828 15
825 17
333 12
468 20
480 14
828 19
638 1
259 5
90 10
131 5
298 20
94 2
335 1
728 17
770 10
757 3
654 13
382 16
1 4
194 17
128 6
357 8
748 7
670 5
378 2
7 17
645 10
414 14
257 13
523 18
811 11
124 3
643 14
823 17
808 18
689 15
534 6
111 19
546 2
366 12
478 9
410 17
523 3
642 4
353 10
324 20
282 13
814 16
363 17
340 4
731 6
262 5
625 2
294 5
584 14
490 2
447 16
526 14
253 17
266 16
235 18
134 17
128 12
619 3
248 17
29 8
563 19
757 1
734 3
584 16
177 18
256 14
134 3
376 1
320 18
690 17
435 15
539 14
555 1
664 18
311 5
223 20
519 13
402 9
364 10
530 12
453 12
826 18
824 16
663 13
778 9
217 19
372 4
1 18
376 10
519 15
14 8
820 19
279 14
20 5
293 6
568 9
828 7
733 6
727 2
780 17
317 8
38 6
558 14
738 2
37 9
166 14
652 6
527 16
669 4
662 3
713 2
99 13
604 7
486 14
191 15
590 18
365 6
126 9
823 1
7 6
139 9
370 14
259 13
745 14
132 5
33 18
228 14
622 8
342 2
398 18
643 7
109 16
100 15
310 3
328 5
561 2
635 7
330 6
282 1
460 4
506 8
233 10
578 15
701 17
825 18
245 14
718 19
564 12
459 13
480 11
758 9
514 16
21 12
541 11
635 9
714 2
827 11
26 12
517 13
185 18
315 7
617 2
722 5
828 3
522 11
203 14
479 4
526 5
145 6
715 14
174 11
177 14
333 11
396 7
281 5
827 17
400 20
136 8
158 19
120 1
193 14
793 15
32 15
166 12
660 12
39 10
5 13
820 19
157 3
4 13
172 14
629 13
344 16
775 9
521 19
604 20
488 1
765 15
504 13
694 2
273 1
721 12
786 3
825 11
531 9
642 8
338 15
456 9
152 1
285 3
542 6
360 18
179 12
381 19
756 15
297 11
529 2
37 9
376 19
661 9
546 10
127 14
825 18
687 17
826 17
609 16
276 7
142 2
533 12
819 2
828 9
193 18
507 15
824 20
139 4
462 8
135 18
528 11
344 17
410 1
814 18
754 2
620 11
778 11
793 1
658 11
115 18
61 8
208 11
511 13
299 1
528 10
459 18
212 11
220 4
69 2
250 15
609 18
453 10
640 17
74 9
128 16
148 12
512 15
594 4
101 10
408 9
548 5
142 8
470 17
141 12
633 18
608 18
264 14
720 7
545 6
209 12
349 2
488 14
2 19
94 3
403 8
143 15
100 14
359 13
446 9
479 11
561 12
181 11
725 2
338 3
781 2
98 16
742 1
552 10
131 3
491 6
763 9
633 7
308 4
478 17
377 8
560 17
543 2
523 8
376 8
306 3
162 8
521 17
453 9
440 20
613 13
784 20
179 4
362 14
284 12
673 17
472 1
754 2
573 3
448 16
326 6
380 3
757 8
258 1
27 12
219 16
637 20
457 19
525 12
141 8
539 2
260 4
398 19
761 17
161 18
414 2
358 3
674 1
437 1
723 14
511 11
824 20
805 3
540 10
249 19
635 18
805 16
742 10
825 13
175 20
705 20
454 11
651 1
184 12
734 10
740 12
569 14
557 3
573 13
712 12
383 16
304 8
107 4
764 12
476 11
236 20
504 3
109 13
175 11
506 7
453 7
826 2
157 2
478 16
645 13
1 20
63 18
629 3
311 13
712 13
617 3
698 17
823 9
35 10
197 15
722 6
15 15
814 19
617 12
93 10
438 2
754 6
629 12
443 13
209 12
770 14
590 5
450 2
823 17
338 19
217 17
805 17
277 16
501 13
270 6
733 4
74 1
21 11
295 14
373 6
325 6
393 10
59 8
131 3
261 6
684 9
450 2
343 2
111 1
568 9
657 13
449 10
240 16
608 1
3 16
364 13
198 19
259 12
557 3
4 16
428 3
579 3
539 12
125 17
72 11
467 12
824 15
792 15
186 3
32 16
424 13
287 8
316 19
823 5
716 11
26 17
159 18
789 7
509 10
629 10
479 9
750 8
827 11
824 12
194 2
177 5
20 1
64 19
323 13
9 7
665 6
806 3
576 12
551 16
86 10
193 4
522 15
488 10
753 6
558 20
53 3
517 15
804 12
662 12
39 8
249 11
60 12
424 11
209 9
644 11
353 16
554 18
195 13
184 6
712 17
460 16
702 2
700 14
458 4
733 16
247 19
66 12
305 14
144 19
828 19
388 3
706 6
209 11
5 20
619 15
417 10
24 12
758 12
204 6
279 7
554 12
236 1
969 1182 23
1049 31
820 42
614 3
282 34
92 31
864 40
321 7
399 46
909 44
938 23
395 21
710 31
197 13
151 26
467 17
1112 27
461 27
87 17
1078 1
8 36
953 17
349 11
761 6
467 5
376 32
1144 46
449 41
8 26
208 7
748 3
686 35
1034 28
166 11
5 27
636 23
53 22
1012 3
991 27
82 9
630 8
229 15
1182 38
304 15
934 27
713 3
1017 19
298 38
449 34
296 39
1062 41
50 28
293 31
718 8
108 7
827 11
839 17
862 36
278 28
218 36
341 33
981 20
608 29
477 8
318 44
628 39
501 18
1143 12
793 6
249 15
154 19
370 8
274 1
248 34
1181 28
1150 13
276 31
324 18
609 43
789 3
239 20
211 32
1165 28
910 17
817 45
1146 13
30 41
593 39
1042 1
752 4
244 32
713 6
968 36
671 27
567 2
68 22
675 37
84 23
809 6
374 28
802 3
89 39
901 36
1018 25
960 26
152 11
132 42
531 13
243 4
1078 42
1085 25
269 6
264 30
784 23
481 9
1113 4
911 1
454 30
9 44
255 6
403 4
1049 7
793 24
962 27
147 40
189 9
591 18
1178 31
426 9
1053 29
398 39
374 40
599 45
33 23
737 25
848 20
614 41
117 29
601 28
702 1
626 30
130 13
654 10
911 32
97 2
315 3
715 34
85 12
745 6
368 39
1056 20
164 2
702 16
24 3
57 16
852 18
888 3
931 1
1095 30
1177 7
702 14
284 39
385 24
830 13
581 41
974 33
1159 39
705 6
411 4
948 15
1 43
1140 44
415 29
713 4
220 37
674 25
646 14
250 13
1083 6
932 39
727 26
313 44
823 11
876 37
625 27
761 34
152 5
537 27
482 43
514 25
350 12
1040 6
16 12
498 15
1074 30
933 20
874 23
469 38
727 44
550 18
887 28
1125 4
52 3
1174 21
510 34
873 31
768 33
1024 7
317 17
43 26
740 32
834 2
580 30
126 3
695 10
1164 6
168 38
171 30
689 19
1122 5
179 30
344 11
719 8
1065 30
121 11
455 11
707 4
401 24
193 15
835 21
1041 43
595 6
182 27
1050 28
1105 16
860 8
754 6
619 26
176 20
177 41
1074 21
809 12
854 4
1042 37
192 3
85 31
484 39
457 13
776 28
715 7
171 29
1000 19
191 32
282 44
1181 20
818 3
260 7
1127 26
1172 24
527 22
1179 40
554 39
1147 2
44 42
625 42
499 3
1 33
958 44
194 19
707 40
529 17
1058 25
1179 11
1176 15
360 1
106 7
850 35
136 26
192 14
456 8
432 28
918 11
741 5
1153 6
916 9
389 45
384 33
735 45
20 18
612 4
908 32
900 15
746 31
298 12
94 7
186 33
951 17
381 14
99 1
21 25
947 9
77 30
787 15
516 4
333 30
88 22
649 12
385 19
675 35
1182 19
1007 44
1095 9
934 5
89 19
366 5
277 33
53 16
451 24
559 41
792 8
180 34
235 12
487 27
963 23
561 10
684 9
1010 41
1028 2
1020 13
621 44
1148 1
613 44
1134 16
93 26
447 45
380 45
1139 14
1087 8
598 17
562 28
584 33
203 40
1041 3
660 46
435 6
73 3
360 18
740 12
702 41
77 16
170 17
338 13
781 44
758 18
292 15
459 6
167 8
124 36
55 31
1124 31
832 4
227 44
306 32
141 34
387 38
727 20
1076 43
759 9
242 10
975 15
1165 23
336 37
761 16
1169 18
815 4
1105 4
6 13
334 10
120 32
626 45
524 45
729 18
336 41
742 24
279 34
384 25
358 32
173 36
8 9
364 34
268 31
638 15
1174 19
919 40
639 4
972 17
647 23
577 42
608 10
1066 41
1165 24
181 33
859 32
1027 5
1175 40
599 12
1028 9
157 17
743 42
319 14
1004 15
816 42
963 8
217 34
346 28
1090 10
306 1
641 21
812 33
749 22
1021 45
256 29
755 39
322 44
1090 45
364 1
586 42
281 11
1030 8
411 8
877 39
985 10
1036 28
90 32
445 35
97 28
392 7
1070 25
918 20
529 40
1168 30
1017 4
914 13
915 3
1010 6
875 10
94 10
735 18
382 8
336 45
589 21
35 35
99 42
671 36
986 23
153 36
972 38
389 13
1159 12
956 41
529 12
23 1
395 16
236 27
56 16
1020 4
1181 15
57 20
987 8
321 22
957 27
86 15
1081 42
912 20
76 16
653 26
901 44
1150 28
1093 17
384 43
805 9
588 23
760 29
977 15
702 25
793 14
979 30
965 13
91 24
87 29
1084 35
91 21
985 8
796 39
82 21
930 42
29 31
1038 9
344 9
569 29
308 7
410 41
1173 42
384 24
375 1
245 23
401 21
245 40
157 7
1073 36
876 13
1106 42
365 25
418 13
490 41
299 21
991 17
201 39
961 17
853 35
764 14
756 16
149 40
1087 17
83 33
180 37
725 43
1067 31
678 43
547 20
975 37
457 29
452 38
772 11
153 2
675 20
786 12
39 16
850 2
490 16
259 16
160 35
452 22
1012 6
573 25
406 20
684 14
1076 16
88 46
960 12
347 2
275 38
542 16
3 42
991 29
94 44
799 25
1030 16
860 7
1172 44
629 46
322 14
419 26
332 1
321 33
176 6
954 42
1072 23
536 5
893 14
1105 32
316 21
172 45
381 20
439 4
182 1
1050 18
684 40
694 11
249 44
137 30
507 23
849 8
16 18
325 9
757 27
236 18
1108 21
372 45
533 19
486 9
854 35
1031 7
48 12
431 4
340 41
224 2
1076 37
507 26
777 29
1155 30
272 25
720 31
42 21
1015 9
791 44
438 17
507 13
1056 29
701 9
766 20
1052 35
1175 15
431 44
668 13
281 5
1120 7
1140 5
828 3
1130 41
641 45
185 4
110 33
955 40
32 1
415 27
1172 6
498 24
54 42
683 4
1031 23
345 22
1181 7
16 3
235 13
168 12
515 33
756 44
835 39
410 42
1039 24
563 46
37 24
994 10
462 20
678 22
678 26
435 42
484 27
959 5
587 11
602 22
440 31
809 42
1008 29
1181 26
14 7
648 44
100 6
25 44
1134 21
208 43
958 24
539 12
1114 7
867 43
281 28
727 7
796 33
70 44
614 19
889 24
171 44
867 12
459 22
264 20
304 3
693 2
316 26
1038 46
496 44
1051 16
295 7
146 19
699 37
1000 21
111 5
495 45
231 41
906 8
437 38
802 17
571 40
248 46
75 12
1176 37
289 22
244 26
972 4
1044 42
260 39
569 19
1171 20
148 11
116 10
902 33
1018 38
192 31
1173 25
548 15
275 38
989 11
1178 7
733 32
683 28
571 46
510 29
1122 34
82 30
106 3
563 10
462 7
398 11
528 13
1152 25
909 43
6 43
353 38
483 29
132 44
266 37
1172 25
1002 26
319 7
593 12
250 16
441 41
218 42
597 16
396 1
315 17
1066 1
612 20
40 26
166 9
791 30
342 41
102 7
833 4
676 19
1 20
211 24
197 40
306 13
1025 39
252 44
338 27
374 20
850 38
403 41
540 38
246 12
177 24
767 22
321 22
6 24
468 38
277 41
704 8
587 16
784 36
1154 27
287 12
383 2
1127 17
1142 34
847 14
178 44
453 32
372 21
1081 37
48 3
6 27
762 32
991 8
616 7
323 38
30 41
1098 15
734 3
678 38
1098 25
36 42
612 4
930 15
277 46
754 10
5 18
956 41
715 29
491 11
730 4
917 24
473 35
183 11
287 44
657 4
65 4
1177 45
840 13
645 31
148 38
668 6
844 36
781 34
825 40
987 27
63 1
610 38
11 46
1077 42
507 6
1023 6
307 33
656 30
290 34
518 34
712 40
683 7
421 32
184 16
656 40
297 39
363 42
371 28
178 33
640 38
450 35
534 7
97 14
64 24
238 1
164 14
1072 38
684 15
1054 12
54 38
464 13
863 15
818 27
711 2
1022 33
255 26
847 28
553 41
185 17
67 8
1094 22
645 11
1064 26
229 30
643 36
1050 38
1174 22
317 3
694 5
57 19
468 42
116 18
585 7
969 35
116 15
796 3
1113 11
871 35
544 13
297 37
12 16
443 31
296 28
171 13
205 34
657 23
13 6
955 43
684 33
1060 45
1148 5
30 13
240 31
247 22
1009 19
810 32
1059 6
623 10
1167 46
268 16
405 40
1116 46
511 19
558 16
1092 1
159 32
1060 20
287 22
967 10
234 41
566 43
876 13
387 46
681 6
1147 37
883 25
301 32
1034 22
1058 23
813 23
1089 42
1092 16
1181 29
146 11
273 22
126 1
200 25
378 36
43 36
450 18
42 20
190 20
694 22
713 3
674 26
154 8
1181 17
682 7
160 40
304 17
840 21
1127 30
362 44
996 15
66 17
1020 14
128 6
468 3
883 33
450 24
685 8
366 33
15 35
616 3
181 27
122 44
1181 19
1137 6
501 44
99 21
772 18
377 3
1115 1
1174 28
709 37
846 37
652 29
1132 28
6 5
449 39
1084 40
1161 32
1134 36
624 646 23
326 32
386 8
104 24
572 24
39 37
302 7
207 10
32 28
481 21
288 28
645 27
476 14
610 3
284 8
615 38
364 4
561 31
318 41
237 34
409 17
222 13
432 5
376 42
476 21
534 7
611 18
621 25
371 20
535 35
466 12
21 29
394 24
19 20
408 30
551 5
245 25
228 39
646 46
267 9
318 6
501 4
646 41
3 46
309 14
192 32
517 45
635 18
61 27
641 42
506 22
451 19
339 36
541 28
35 11
474 30
288 43
273 27
131 34
506 16
423 24
305 24
228 3
141 7
188 13
180 17
640 37
2 24
12 46
536 26
360 16
486 22
454 16
225 43
633 33
22 45
641 22
68 17
184 38
296 30
414 17
633 25
577 25
395 20
65 16
265 39
8 24
291 12
234 24
97 8
85 7
245 30
273 40
432 33
562 9
25 15
30 19
564 23
466 43
41 10
596 33
128 36
641 30
642 35
578 1
524 29
635 29
5 4
450 20
145 28
638 35
624 5
332 18
77 25
198 34
36 6
21 40
585 7
69 36
286 15
504 17
579 20
608 43
232 13
149 4
515 40
217 37
427 7
423 9
43 7
371 4
328 12
247 5
335 3
270 10
165 41
144 31
351 25
53 39
29 37
183 7
298 41
365 42
49 21
3 25
449 9
63 6
344 31
642 15
419 9
644 2
281 20
556 30
379 18
314 29
104 32
64 46
8 8
367 29
184 34
466 35
204 5
561 12
250 17
638 26
329 37
426 33
429 16
261 45
47 15
65 43
285 33
69 18
396 20
600 31
640 26
124 30
102 12
125 31
407 19
113 3
219 32
642 31
541 14
58 40
454 18
552 11
322 39
495 20
114 1
73 38
386 42
334 18
122 15
39 5
253 46
300 31
284 30
444 8
638 33
307 24
274 12
504 16
83 43
466 13
525 38
268 30
607 23
226 13
4 18
314 16
112 40
586 17
22 7
534 19
274 22
254 30
358 34
391 19
82 11
551 17
129 11
635 22
278 26
282 46
436 29
526 17
259 9
3 21
262 45
599 34
36 27
144 41
463 29
99 38
98 8
593 17
377 28
193 20
639 21
208 37
632 19
383 14
411 30
644 26
24 15
410 22
599 42
133 24
312 6
339 11
451 46
613 32
51 17
250 11
396 21
140 5
176 45
542 10
567 15
29 40
164 29
319 4
98 16
168 27
356 16
386 45
259 23
108 27
603 20
441 16
337 10
143 14
558 19
574 12
585 40
340 14
403 4
374 14
6 39
491 45
637 30
400 8
365 41
500 34
312 5
300 14
136 37
274 41
91 38
231 34
213 46
638 21
55 25
387 17
644 13
177 21
376 31
593 22
181 23
151 42
625 17
333 26
115 40
253 29
525 7
355 46
164 9
646 11
558 45
442 37
72 29
160 45
27 32
140 33
94 6
643 27
449 17
327 5
99 46
309 33
7 21
489 4
403 7
252 46
40 30
497 9
167 11
268 39
49 39
363 18
353 16
383 21
420 39
42 20
289 35
388 12
184 5
65 17
129 27
12 45
58 31
6 41
588 12
599 46
534 3
546 4
336 27
66 21
615 1
194 21
185 38
546 46
239 33
129 1
94 15
135 19
373 11
641 31
152 22
294 11
352 19
643 26
208 43
549 42
637 31
239 36
432 41
131 20
508 31
270 27
391 40
490 40
636 25
32 17
626 31
439 19
407 20
506 14
638 24
386 46
305 14
84 14
302 37
61 18
626 24
151 21
93 22
390 30
356 36
62 15
29 6
267 14
7 46
318 16
423 7
218 10
117 8
146 15
287 46
145 21
116 36
218 46
479 7
222 34
478 29
8 38
469 3
499 7
579 26
288 6
10 36
289 44
500 46
316 30
182 1
389 46
540 45
93 36
10 36
96 20
111 15
272 43
28 16
97 18
560 33
450 3
294 7
14 24
609 19
271 2
513 1
388 22
481 32
641 24
306 30
470 27
82 16
85 29
95 16
566 11
625 31
28 22
636 6
201 20
408 19
391 32
298 29
568 42
416 5
4 46
231 6
495 33
297 14
76 23
393 5
469 23
206 43
123 9
534 26
437 29
600 41
635 15
193 2
215 2
522 27
262 44
638 4
385 29
392 26
168 42
508 14
362 20
375 40
5 33
643 45
146 31
557 6
274 22
204 11
555 23
644 11
96 12
466 34
220 34
305 27
380 4
2 21
375 30
78 25
499 3
183 2
304 41
448 39
32 22
370 30
642 21
522 12
516 7
323 9
228 24
346 44
602 15
52 16
642 13
399 8
254 45
173 20
504 32
582 3
424 12
488 39
208 1
353 29
543 13
330 13
38 39
131 46
283 5
338 15
451 2
438 5
123 39
241 15
570 36
229 28
496 43
342 5
173 5
548 4
114 17
311 42
243 17
474 30
85 14
486 28
517 39
456 21
146 5
592 15
516 14
443 1
496 5
554 11
108 21
582 41
521 29
238 29
191 36
455 16
423 35
6 45
641 44
90 32
257 45
639 1
564 40
551 42
227 33
590 18
221 3
487 14
2 19
459 28
139 16
199 24
16 24
288 35
539 29
555 43
511 41
97 2
511 8
358 33
375 25
178 40
177 9
469 1
12 32
220 13
67 33
96 19
171 39
563 46
347 19
309 20
492 6
424 2
334 36
253 26
637 31
528 32
590 46
436 38
624 3
257 37
452 42
638 24
453 17
587 17
183 5
373 19
76 32
360 22
283 39
642 44
69 38
364 41
123 16
632 14
498 22
317 29
241 39
548 42
166 41
581 43
558 18
239 36
645 37
45 21
140 19
182 22
430 7
317 45
239 45
220 236 22
119 4
126 41
102 18
160 42
54 10
46 17
86 17
226 10
161 42
109 44
231 12
155 34
29 42
167 18
40 26
112 16
135 34
112 8
231 9
93 19
60 1
14 23
100 34
46 16
226 5
4 3
199 27
222 3
61 13
197 25
196 20
180 33
113 5
232 29
78 34
83 2
94 27
112 22
174 1
232 7
106 3
215 17
111 16
229 32
227 11
226 37
231 31
70 33
215 31
166 39
218 11
61 23
232 26
198 18
190 24
116 31
1 25
44 13
226 24
63 34
58 24
135 7
180 9
226 11
132 10
148 25
231 16
41 43
90 40
7 41
91 13
181 19
70 11
154 13
178 20
168 13
20 17
189 18
95 17
234 26
116 28
234 14
188 39
36 33
14 40
233 19
158 22
177 35
11 29
148 12
11 30
3 42
165 1
108 35
21 13
174 20
118 42
230 29
62 8
1 18
120 35
68 36
135 4
70 16
167 29
231 4
70 39
76 24
30 44
177 42
205 36
114 7
146 44
208 34
233 44
172 20
170 25
195 9
90 12
216 31
40 37
157 42
97 13
58 35
231 31
84 37
131 32
55 17
208 44
204 3
210 35
169 27
192 4
68 15
225 39
8 16
36 5
228 20
235 15
226 40
63 40
227 12
173 14
236 44
107 15
127 35
169 40
189 29
9 33
228 5
9 13
200 28
190 37
187 5
95 15
229 36
202 16
190 26
225 18
174 42
11 34
227 17
229 32
228 38
70 44
228 1
229 43
211 8
150 39
22 20
229 42
126 21
152 29
175 16
103 9
89 30
222 4
176 1
169 16
178 11
111 14
82 18
194 11
62 15
232 19
170 23
8 3
175 23
198 22
114 3
89 42
47 2
145 35
186 33
132 25
178 26
224 33
29 7
160 18
226 9
156 17
229 16
131 33
24 3
225 24
79 8
160 40
229 17
231 4
121 12
39 20
54 2
206 7
145 19
117 31
232 42
158 36
166 30
180 8
227 17
423 499 9
80 10
2 16
149 12
496 16
39 13
132 11
226 11
114 3
257 8
310 10
214 12
332 5
470 1
184 6
116 10
295 17
135 1
93 9
388 5
1 1
112 11
197 6
312 5
268 9
130 5
1 14
34 5
340 9
366 8
159 5
499 7
270 16
40 17
305 5
378 12
156 6
14 6
495 8
185 10
196 14
341 12
476 12
288 18
76 15
495 6
404 6
117 9
382 8
461 7
415 11
244 4
126 17
97 4
104 2
267 11
380 8
378 12
2 14
336 6
353 9
1 16
95 8
53 17
380 16
100 11
269 4
9 3
379 12
184 18
188 17
305 8
94 2
465 17
434 6
478 3
342 15
47 6
268 16
272 6
333 17
186 7
390 7
272 8
242 18
342 7
4 4
128 18
401 16
148 18
56 9
496 13
215 13
185 5
26 12
58 7
275 1
112 14
387 5
448 14
212 3
496 1
118 6
233 18
111 6
324 14
21 11
66 16
216 6
256 16
244 3
456 15
257 14
350 8
26 15
245 15
163 15
409 12
401 9
494 10
216 10
175 6
82 10
138 17
457 3
307 16
64 5
380 10
372 17
483 2
44 3
196 1
278 16
494 10
194 6
495 9
499 9
137 14
76 2
182 13
315 8
347 10
137 18
230 13
71 18
151 12
334 2
116 7
335 14
477 12
429 13
118 15
320 18
233 12
236 5
393 9
485 14
240 9
298 4
59 3
364 8
36 15
350 13
471 1
497 5
248 2
276 7
377 8
250 12
54 9
68 16
165 16
1 11
2 7
64 16
496 13
498 16
64 7
377 2
386 11
495 14
498 4
149 3
197 16
52 17
253 3
1 11
41 17
353 10
301 12
161 18
483 2
91 14
2 8
421 2
166 10
66 15
291 14
234 10
468 6
271 9
418 12
280 3
319 17
183 7
355 4
311 7
456 14
102 13
75 13
265 4
156 5
78 2
125 16
27 12
98 13
132 13
116 16
131 14
440 6
431 2
58 11
121 8
388 15
354 2
495 15
489 10
84 1
52 18
378 18
52 5
166 9
183 6
232 8
248 9
59 4
463 2
3 7
497 5
49 6
46 12
178 15
216 15
96 13
292 2
134 9
211 11
25 14
461 1
393 16
197 18
392 4
161 8
369 9
323 18
168 2
93 7
372 12
61 17
353 5
293 1
469 8
466 14
20 5
73 18
204 6
193 18
23 18
248 16
431 10
181 13
258 17
61 5
356 14
284 16
16 8
65 10
173 18
400 8
346 16
125 17
60 9
412 3
497 17
140 3
434 13
82 11
247 16
221 1
197 6
65 14
184 13
116 7
42 10
454 6
133 17
61 10
354 3
337 18
147 9
284 15
283 12
382 13
349 14
111 9
403 9
197 13
378 6
75 15
498 16
211 17
108 3
58 9
316 9
146 1
442 18
282 11
365 17
496 15
108 14
160 4
61 16
246 18
30 11
109 17
358 2
456 14
35 9
322 15
255 18
425 12
170 2
160 5
499 5
156 9
424 14
138 4
481 15
265 6
1 12
38 17
487 7
459 16
438 2
177 18
366 7
108 12
262 10
116 10
148 2
80 18
277 2
260 15
101 4
398 3
27 18
268 18
123 5
353 1
3 10
360 18
330 6
228 7
259 8
383 14
490 15
451 8
5 3
4 6
152 9
7 13
94 13
116 12
239 5
84 4
47 1
39 16
373 2
304 11
249 15
366 9
180 12
151 13
294 15
367 5
141 3
462 10
322 16
463 18
141 6
2 17
123 15
405 18
213 14
319 9
495 3
87 1
109 14
372 9
68 15
476 5
499 4
349 5
22 1
431 11
172 6
335 16
448 2
4 7
167 8
340 17
190 16
85 10
397 14
257 9
412 12
493 10
346 12
227 15
436 11
460 3
10 2
285 1
27 13
449 481 18
481 7
477 14
68 25
160 7
186 35
20 21
318 28
474 15
373 8
104 33
71 28
374 13
34 13
476 32
401 2
49 31
237 4
157 17
340 21
460 35
63 17
87 11
289 30
278 26
127 35
297 34
195 8
68 30
155 13
23 23
217 11
457 34
451 36
418 35
191 7
244 24
391 36
101 12
145 36
88 28
31 26
338 23
142 30
357 3
5 4
295 36
263 3
227 7
96 9
214 7
412 22
169 12
296 15
304 6
51 34
371 12
68 22
277 20
423 4
372 5
96 16
442 27
205 31
23 16
5 2
180 22
308 33
270 5
10 11
478 36
420 17
226 24
406 15
303 12
381 24
175 19
461 23
20 5
379 16
351 18
476 4
135 24
466 28
430 17
208 25
43 18
206 13
331 11
472 8
3 23
364 32
176 3
224 4
369 12
457 6
168 8
370 13
57 30
133 29
161 4
424 9
473 23
181 32
86 14
300 35
123 27
475 11
32 1
407 27
38 25
409 19
306 25
393 12
212 6
350 2
244 20
425 6
248 2
65 33
229 36
166 8
240 26
473 25
473 14
355 30
214 25
74 10
153 32
72 25
321 8
382 36
383 28
369 35
453 20
479 35
410 15
407 9
308 33
91 18
408 3
481 7
465 11
351 20
312 9
328 3
182 22
67 7
219 1
210 34
342 7
295 3
253 12
458 20
195 26
392 5
366 9
157 2
305 30
188 27
347 10
148 23
143 14
175 33
84 36
45 10
11 30
435 36
191 7
351 36
327 32
227 15
43 9
365 18
346 15
321 14
197 16
361 10
161 22
440 21
469 7
42 27
46 3
8 27
464 30
182 9
173 34
249 18
299 17
450 19
299 31
219 30
41 32
84 10
443 2
480 9
19 31
148 31
347 9
389 18
416 4
204 19
390 7
332 24
446 9
275 29
87 16
51 26
196 23
318 27
369 11
480 33
31 2
442 9
142 4
367 13
373 26
371 9
364 5
114 6
63 26
381 19
465 29
395 14
150 6
163 25
117 32
226 13
240 30
5 29
159 33
474 16
480 36
162 6
257 22
170 20
79 10
85 4
48 34
474 23
151 6
123 13
189 4
457 19
452 8
69 16
434 26
185 21
60 11
247 7
190 17
136 34
425 35
298 19
382 20
206 3
140 33
1 35
319 3
421 11
439 9
178 30
113 34
452 14
165 22
312 21
223 6
91 34
474 27
363 10
43 2
434 10
286 13
344 21
218 32
23 27
344 34
45 14
402 17
325 16
17 31
477 34
388 6
455 29
150 22
107 19
454 35
326 17
386 5
245 36
73 9
126 35
421 30
102 34
118 34
362 1
431 36
371 25
222 23
474 35
147 17
251 35
72 3
384 29
418 15
472 36
452 12
392 25
29 19
27 7
342 21
218 32
328 12
424 35
172 9
229 19
260 36
135 18
95 20
431 30
381 22
334 1
77 15
52 9
356 20
422 10
343 28
407 21
297 9
176 7
196 20
304 7
418 20
86 15
411 23
277 30
424 2
185 24
308 17
185 20
8 28
188 19
37 4
274 21
264 16
318 9
135 28
442 26
241 16
252 32
407 1
16 21
218 13
165 6
246 18
254 21
329 36
58 30
52 12
423 25
66 17
431 24
140 32
204 22
265 36
445 17
287 8
66 31
124 18
10 29
287 12
25 33
120 29
253 7
335 1
410 15
215 12
162 35
330 6
310 24
424 34
169 24
61 32
143 33
477 12
278 22
76 11
9 7
444 30
415 29
7 9
266 28
309 32
442 14
390 14
380 21
121 3
36 15
322 17
431 13
481 12
20 6
123 27
49 32
137 2
7 4
287 16
253 10
219 17
321 7
422 5
279 7
481 15
75 16
481 23
427 36
126 5
382 5
100 22
426 2
368 13
239 3
426 30
79 31
205 16
363 2
231 33
235 27
403 24
61 2
86 14
18 15
347 27
289 13
481 33
75 14
109 19
478 5
97 1
96 24
427 26
86 3
376 30
159 22
124 5
178 35
404 32
325 30
291 20
315 22
684 780 16
677 25
734 10
776 13
729 7
388 18
576 23
372 11
661 26
428 1
480 3
622 2
777 23
288 28
364 6
167 18
754 17
177 29
776 26
777 22
631 16
100 32
190 17
313 8
700 11
42 18
692 16
173 1
307 26
775 18
386 18
85 11
261 23
575 1
194 11
569 30
181 13
774 24
759 14
350 23
427 23
182 21
497 3
339 21
576 26
2 13
714 15
229 28
503 26
235 17
352 31
484 28
555 1
649 30
216 32
204 26
303 28
775 17
220 6
134 20
349 23
267 7
401 28
5 21
456 23
663 26
39 1
658 16
211 5
78 20
8 8
156 3
444 27
104 20
568 13
134 5
777 32
529 5
348 14
409 6
483 12
438 21
186 1
481 1
565 29
239 29
461 23
554 22
184 28
704 10
21 6
298 22
4 21
703 23
681 20
72 11
94 22
128 8
769 5
709 15
344 30
774 9
563 8
126 13
352 4
554 30
129 14
460 22
345 11
555 2
701 4
183 32
618 17
115 31
130 32
231 12
579 17
743 21
326 4
293 19
749 25
210 2
5 13
647 12
484 12
198 24
774 9
480 23
246 24
592 11
706 9
562 4
270 10
18 21
615 22
590 14
194 2
359 2
779 27
458 5
501 20
760 28
261 25
127 8
195 20
621 17
428 3
774 16
468 3
250 10
775 3
391 13
515 7
721 11
296 9
616 30
775 6
113 15
162 31
23 2
587 16
310 21
299 31
394 21
398 14
181 17
711 10
255 13
63 27
642 21
776 3
480 18
760 10
397 4
166 4
317 8
247 2
514 12
210 13
629 3
778 31
205 23
651 14
503 4
385 3
769 21
402 28
137 3
553 18
546 12
300 10
397 4
237 5
246 24
657 13
162 3
181 12
90 20
719 11
349 7
129 21
233 28
283 26
371 19
623 16
603 16
464 25
438 11
588 28
317 5
40 25
761 18
515 30
428 12
168 7
709 19
36 16
180 20
245 20
775 11
714 15
308 23
380 14
158 21
92 30
203 23
259 27
647 5
2 16
371 4
368 32
610 28
517 5
363 32
173 2
8 13
510 28
254 16
329 25
776 27
179 28
681 27
393 19
674 20
525 9
492 3
710 1
447 27
530 11
526 2
566 1
780 2
606 19
341 17
167 26
420 4
170 23
348 32
774 22
553 27
8 30
105 32
70 22
510 20
260 1
594 30
93 11
580 20
171 22
247 8
276 14
564 22
734 29
441 6
655 25
742 22
406 2
404 18
355 30
556 17
526 2
363 11
305 25
632 8
132 10
385 11
672 22
686 11
110 6
249 12
72 11
127 16
109 16
348 24
180 7
248 7
300 20
64 32
623 27
448 18
8 26
502 21
430 11
695 1
129 20
616 11
382 22
470 29
105 16
481 22
604 10
137 1
169 23
372 1
416 10
21 32
27 31
392 1
364 23
192 20
168 18
61 6
725 23
425 27
645 11
492 2
283 15
417 8
580 8
590 24
575 18
371 23
79 19
7 5
630 11
744 7
660 23
52 12
338 1
412 3
235 30
551 18
771 6
675 19
515 31
284 20
534 6
35 32
32 26
158 19
366 12
443 3
612 32
338 13
424 20
635 10
657 13
5 8
580 8
678 8
289 19
339 29
313 15
59 23
82 9
506 18
284 4
411 9
154 29
297 27
248 26
765 8
763 13
117 29
750 2
455 6
103 31
547 13
323 22
206 17
727 14
371 7
201 25
741 29
267 30
221 13
10 17
95 25
406 23
779 8
405 13
190 24
778 13
8 16
61 32
310 27
673 15
517 20
770 1
220 32
469 7
590 2
101 15
737 18
139 15
629 7
638 31
41 17
371 23
778 24
7 19
700 2
549 19
194 9
28 28
36 15
716 6
668 13
289 30
697 22
164 4
266 10
694 30
67 26
142 32
447 15
254 25
10 27
488 26
428 11
178 4
574 26
645 9
60 1
639 1
629 30
421 24
517 27
586 29
775 13
369 10
234 18
505 21
563 28
402 30
5 30
776 7
714 15
45 20
235 13
61 3
89 30
586 3
37 6
666 32
115 19
315 28
397 26
570 22
674 24
687 26
340 12
384 5
569 12
771 20
673 7
3 25
508 5
564 28
62 18
603 31
83 23
396 5
536 19
637 25
28 23
58 17
400 7
674 21
759 11
780 17
346 12
575 27
277 21
93 10
508 27
514 17
665 1
554 15
648 16
422 26
220 11
183 30
395 12
345 9
699 18
182 13
17 7
560 10
40 12
340 23
560 17
303 5
402 14
628 24
345 9
401 2
553 17
497 16
571 6
327 32
775 9
691 31
559 6
209 16
447 16
205 11
155 13
280 17
488 9
547 18
600 16
80 27
42 18
334 32
538 7
601 2
777 28
479 18
705 29
278 23
237 10
363 23
579 10
773 2
669 22
335 31
502 10
673 28
778 2
194 20
490 17
367 14
719 32
686 15
98 20
489 9
663 30
154 9
729 10
115 27
675 8
142 31
50 23
372 18
78 6
291 7
579 31
223 20
607 15
343 24
721 7
309 6
446 12
287 24
675 5
142 12
18 5
111 30
740 8
6 7
324 10
451 29
693 25
337 12
396 21
635 2
743 16
167 20
552 31
616 26
774 28
392 8
7 27
119 15
15 13
167 19
715 32
423 20
314 29
634 12
654 10
332 9
727 29
468 26
580 15
66 32
617 11
708 18
755 30
544 11
280 19
314 30
353 24
735 30
310 13
773 19
102 8
605 7
176 1
479 15
554 25
265 15
622 10
334 18
532 30
245 21
448 32
600 12
775 5
390 9
24 20
327 25
384 26
142 29
87 30
370 3
612 32
641 29
704 32
375 7
322 23
399 15
640 17
266 6
371 23
21 12
85 28
514 30
205 26
776 15
17 29
66 2
412 24
458 31
158 3
414 21
195 30
201 14
232 24
378 21
43 14
368 8
17 4
111 24
480 23
250 32
744 7
735 9
774 17
478 9
65 11
393 11
560 26
582 24
304 10
153 10
30 10
580 28
582 4
574 29
220 19
518 9
599 12
280 18
780 8
337 17
140 21
652 6
584 18
443 10
180 17
677 10
79 21
431 31
520 593 1
280 1
570 2
513 2
227 2
446 1
426 1
260 1
428 1
269 2
544 1
212 1
226 1
147 1
405 2
582 1
513 2
198 1
593 1
327 2
338 2
36 2
428 1
593 1
243 2
440 2
97 1
328 2
168 1
480 2
270 2
71 1
53 2
593 1
525 1
273 1
215 2
465 1
443 2
79 1
357 1
73 2
198 1
241 1
388 2
193 1
429 1
42 2
241 1
167 2
422 1
313 2
344 2
33 2
236 1
573 1
593 1
149 1
282 1
258 2
21 1
347 2
61 2
351 1
266 2
593 1
27 1
83 2
282 1
315 2
546 2
412 1
517 1
179 1
138 1
159 1
448 2
58 1
396 2
576 1
247 1
453 2
52 2
279 2
362 1
419 1
254 2
240 1
137 2
1 2
72 1
593 2
204 2
125 2
563 2
214 2
262 1
147 1
458 1
512 1
461 1
345 2
200 2
296 1
593 1
222 1
2 2
385 1
415 1
165 2
425 2
593 2
124 2
419 1
241 2
186 2
221 1
450 1
136 1
317 1
459 2
497 2
206 2
136 2
484 2
503 1
226 2
483 1
254 1
133 2
352 2
490 1
441 2
523 1
217 2
221 1
491 1
461 1
258 1
385 1
521 2
282 2
593 1
593 2
131 1
172 2
263 2
383 1
18 1
277 2
307 2
346 1
593 1
357 1
529 1
563 1
580 2
323 2
540 1
435 1
593 1
253 2
291 2
420 1
166 1
196 2
593 2
134 2
539 2
398 1
593 1
336 1
582 1
171 1
399 1
544 1
526 2
397 1
291 2
109 2
565 2
216 2
356 1
195 2
593 2
170 2
371 1
103 2
188 2
1 2
456 2
417 2
520 2
276 2
215 2
368 1
81 1
32 1
308 2
15 2
496 2
489 2
342 2
426 1
539 1
225 2
412 2
593 1
280 2
73 2
357 1
215 1
463 2
583 1
39 1
199 1
446 1
175 1
111 2
160 1
60 2
2 2
465 2
488 1
5 1
468 2
334 1
258 1
361 2
593 1
593 1
441 2
127 1
555 1
320 1
78 1
345 1
217 1
497 1
167 2
553 2
5 2
557 1
37 2
23 1
507 1
250 1
543 2
137 1
137 2
146 1
411 1
229 2
324 1
568 1
553 2
589 2
460 1
570 2
523 2
268 1
443 2
508 1
252 1
58 1
38 2
300 2
200 2
157 1
4 2
35 1
593 2
36 1
423 2
341 2
490 1
320 2
37 1
311 1
142 2
373 1
343 1
574 2
461 1
397 1
249 1
329 1
450 1
1 2
433 1
346 2
572 1
593 1
33 2
533 1
328 1
253 1
1 1
159 1
548 2
497 2
503 2
182 1
522 2
524 2
223 1
242 2
72 1
15 1
71 1
176 1
479 1
233 2
573 2
307 2
39 1
356 1
309 2
478 2
24 1
514 1
531 2
508 2
470 1
561 1
287 1
484 1
126 1
88 2
77 2
477 1
1 2
171 1
245 1
100 1
57 1
498 1
334 2
81 2
31 2
281 1
214 1
164 1
330 1
580 2
467 2
514 2
64 1
592 1
222 2
264 2
376 2
524 1
531 1
156 2
1 2
122 1
131 2
362 1
482 2
322 2
420 2
44 2
219 2
186 1
193 2
333 1
349 1
441 2
85 1
280 1
223 2
93 1
110 1
207 2
299 1
257 2
215 2
168 2
429 1
387 1
166 2
257 1
593 1
313 2
382 1
391 2
561 2
218 2
254 1
556 1
528 1
21 2
124 2
454 1
441 1
110 2
199 1
160 1
517 1
527 2
346 2
265 1
225 2
113 1
454 2
171 2
185 1
167 1
30 1
288 2
538 1
593 2
428 2
408 2
13 2
593 1
168 2
277 2
1 2
203 1
501 1
159 1
171 2
581 1
365 1
41 2
26 2
466 1
521 1
95 1
409 2
486 1
506 2
105 2
76 1
444 1
514 2
583 2
167 2
413 1
499 1
269 2
570 2
378 1
486 2
93 1
343 1
248 1
121 2
205 1
444 2
423 2
396 2
556 2
528 1
106 1
177 2
586 1
593 2
116 2
362 2
450 1
15 2
173 1
16 2
63 1
33 2
593 2
1 1
144 2
547 1
317 1
587 2
358 1
236 2
216 2
463 1
384 1
332 2
593 2
26 2
116 1
162 2
221 1
593 2
128 1
466 1
360 2
342 1
435 2
418 1
399 1
505 1
262 2
399 2
421 2
211 2
1 2
183 2
1 2
554 1
273 1
412 1
32 2
301 2
474 2
593 2
539 2
382 2
390 1
192 2
181 2
123 2
185 2
352 1
511 2
201 1
208 1
354 2
103 2
526 540 4
330 5
539 8
374 6
91 8
265 4
166 4
246 3
537 6
433 1
438 4
28 2
227 5
353 7
446 7
34 7
240 5
253 4
486 7
250 1
186 1
361 6
482 2
362 8
441 6
19 8
401 7
89 2
465 1
91 2
285 8
1 6
360 5
325 1
540 6
423 3
342 5
102 5
1 8
279 8
240 6
188 2
50 6
445 1
444 5
331 6
176 1
392 2
217 5
399 4
481 1
166 2
150 8
27 3
3 5
177 3
539 3
184 7
369 8
189 2
262 1
77 8
279 4
195 8
47 6
175 1
86 4
142 6
358 7
25 2
257 8
348 8
538 1
226 4
405 1
214 3
126 2
398 6
367 3
498 2
229 6
522 7
405 6
6 6
1 7
65 6
247 3
103 6
224 4
539 7
506 8
103 8
66 7
43 3
140 3
11 1
149 7
133 8
359 3
269 1
92 6
470 7
131 4
349 6
57 3
358 7
356 5
359 5
156 5
373 6
436 6
36 3
189 8
178 5
154 8
441 6
295 2
121 1
327 8
243 4
220 6
127 3
246 7
392 7
137 3
427 5
157 1
34 7
99 6
13 6
171 7
527 6
396 6
153 7
351 4
401 2
393 7
51 8
432 4
219 3
75 5
83 7
362 2
51 3
224 5
245 2
354 1
204 4
465 1
538 3
425 4
1 6
261 5
364 6
40 3
260 8
175 8
180 1
538 2
378 8
539 2
31 3
63 6
163 4
59 2
389 1
328 2
356 2
144 8
200 6
354 2
368 4
146 5
337 2
115 7
486 7
508 3
354 7
228 1
142 5
514 6
328 3
260 1
311 2
437 2
59 8
432 6
535 6
270 2
153 3
364 5
53 2
100 5
515 8
173 6
287 3
364 5
468 3
282 3
164 5
286 8
539 1
2 2
302 7
538 7
539 4
251 7
192 6
429 3
467 8
401 2
42 7
200 5
76 6
71 8
261 6
507 7
421 8
40 8
540 3
398 5
515 7
156 8
105 6
499 7
192 6
448 4
243 2
80 4
195 5
384 2
267 6
403 3
430 5
220 3
365 4
456 5
470 2
540 4
325 1
360 7
79 4
108 1
521 5
306 7
217 5
106 2
13 1
93 3
498 3
438 3
126 6
482 4
473 2
198 4
527 8
125 2
191 2
402 3
361 1
98 8
75 7
540 6
348 7
221 2
499 3
156 2
368 8
227 1
180 8
117 4
383 6
85 6
479 3
151 4
503 8
158 3
38 3
282 2
130 6
2 5
308 7
68 1
539 4
428 5
527 8
32 7
300 6
524 6
1 6
143 1
381 3
116 4
362 1
315 6
421 5
30 4
519 5
8 8
438 8
524 6
471 5
457 7
351 3
375 8
483 4
540 4
520 1
352 5
45 6
87 8
127 7
370 3
400 3
111 5
61 5
402 4
267 3
105 3
263 4
114 8
519 3
240 6
16 4
164 2
379 7
401 6
376 6
469 6
6 7
369 2
54 5
538 1
97 8
523 1
446 2
17 2
66 7
35 3
165 5
315 4
1 6
304 3
540 6
90 6
453 4
82 8
268 6
264 1
437 1
242 7
405 4
82 7
156 3
17 1
470 1
161 8
431 6
41 2
450 4
331 6
305 3
28 3
284 6
424 1
214 2
14 7
503 3
399 3
449 3
256 5
55 4
514 6
184 3
8 7
269 8
46 3
235 3
416 6
539 8
409 7
99 7
535 3
315 5
156 1
524 2
251 2
533 7
154 7
335 5
512 8
7 2
320 2
399 4
249 6
188 5
33 7
29 3
77 7
308 4
538 2
536 6
538 2
216 3
470 1
521 4
350 6
354 5
131 1
492 2
67 2
439 8
37 6
219 8
56 6
538 1
314 2
453 7
118 2
68 4
141 4
540 7
398 4
38 8
176 5
495 2
21 4
1 1
83 8
337 8
111 5
93 3
539 3
538 2
128 1
60 6
8 4
274 7
315 1
85 6
382 6
385 7
495 4
114 4
53 8
325 8
220 6
340 8
297 5
4 3
237 3
316 6
515 8
518 6
468 3
290 4
70 2
103 8
411 5
165 7
465 8
269 8
262 8
331 7
14 2
532 5
351 1
162 7
362 1
158 4
481 6
436 7
523 4
479 8
51 1
1 4
306 5
530 6
406 2
232 5
253 7
472 2
170 2
285 6
161 3
158 7
540 1
198 6
331 7
149 3
447 6
2 7
354 8
287 1
411 6
338 3
474 3
497 4
24 2
163 6
13 6
298 8
18 1
1 3
102 5
257 6
236 8
50 7
452 2
305 6
129 4
517 8
321 2
462 2
408 4
494 2
147 5
176 3
210 7
540 4
540 1
460 8
106 1
540 8
424 6
312 8
133 8
4613 4885 9
3841 17
4417 7
3264 2
2118 14
3151 1
3862 7
2860 17
2329 10
825 1
1447 5
1908 2
192 11
101 18
4565 16
1987 1
4297 11
905 1
3798 6
3754 8
1641 1
1188 16
3284 16
1743 9
850 4
2980 16
2560 13
2275 3
3514 6
1686 7
4758 8
2775 15
918 17
4142 4
3541 2
4842 7
2558 10
1324 17
107 10
2833 6
270 12
1414 14
2843 9
4037 18
1319 4
1756 10
4519 5
845 1
3608 11
3027 11
1679 10
3718 10
3187 14
2387 6
2169 16
2207 17
1081 12
2708 11
4600 2
2795 5
3304 11
1982 14
1728 15
3970 9
1560 2
1550 4
3096 15
204 10
4167 16
447 15
3244 16
1929 10
4858 17
3171 4
1248 11
122 3
2283 14
4881 14
2662 13
2661 18
1075 8
4881 1
4550 1
4213 7
3936 5
2402 1
2970 15
3813 5
3700 1
246 13
19 8
4846 11
4814 7
834 7
2636 8
4643 4
3742 16
3902 3
457 17
4654 16
3113 17
4618 13
3213 9
3629 4
112 5
297 18
460 13
2817 11
806 6
4179 13
1063 4
4038 3
3683 16
1 16
4543 3
246 5
3497 17
1824 2
508 13
574 11
1495 18
230 5
3416 11
3986 7
4433 2
3729 9
4586 6
1947 17
4135 12
2050 17
1467 16
1652 4
936 17
1712 16
2955 8
3622 15
3323 14
85 8
1393 1
315 1
4805 14
1949 11
2281 8
145 15
4454 12
4045 9
3538 18
423 6
3061 1
2457 6
201 6
1484 12
3945 3
4685 10
2423 7
4409 16
3760 3
953 9
342 16
298 14
2626 15
4298 17
3432 17
4070 4
2487 7
1025 16
1036 11
338 5
4650 15
1795 16
2088 12
1493 7
587 3
2004 18
161 17
714 12
60 6
3882 12
3254 4
3297 6
1496 7
3484 3
4449 1
2791 18
4016 4
4366 5
2382 14
2197 5
4317 4
1924 18
163 9
4741 7
4537 17
3455 13
964 14
3796 5
103 8
3043 15
2355 11
1649 6
1248 12
3989 7
2088 13
452 8
3782 18
1424 16
4154 8
2333 8
871 18
4240 17
1527 12
1116 18
3973 18
1298 7
1068 4
3167 17
3687 12
2605 8
3368 18
3020 15
4089 1
4661 5
2317 15
2643 12
3662 9
1929 10
3548 14
3374 11
1225 16
2097 15
1239 6
2581 13
2002 17
1186 8
904 10
2860 6
4228 11
1147 15
1943 7
2908 17
828 11
4679 13
1974 2
3046 16
1475 8
1342 17
4575 1
3185 13
4677 4
4880 16
3427 8
2080 5
4881 15
4044 9
2805 2
742 15
27 16
1673 6
987 4
1829 7
825 3
2027 6
791 9
3846 17
114 16
3634 18
3878 14
137 18
2647 1
1797 16
1207 12
586 11
1645 15
2601 7
3868 15
2675 9
1391 2
2310 11
1529 3
501 4
2926 2
2821 15
44 3
2228 13
3218 2
3339 1
4547 15
2431 18
3433 1
1963 18
2383 13
427 11
1150 14
3572 6
3900 10
461 13
4535 3
3300 16
4135 18
3322 8
4 9
1393 18
2447 1
4107 7
2319 8
4105 11
4357 7
3717 14
1298 5
2744 5
3412 15
2132 13
4240 11
156 15
2559 9
774 10
4520 3
3108 4
159 6
2455 17
2467 13
702 18
4070 1
2325 7
4884 15
216 12
4182 3
2623 1
1235 13
4480 8
4353 16
4421 4
4163 1
2020 1
824 9
2885 16
4736 16
334 13
4205 5
1850 8
696 16
4464 18
1061 3
4387 15
1805 1
2841 14
808 12
1475 12
1202 15
1524 9
1331 3
4544 4
503 14
2158 13
1306 8
4524 11
2989 14
1361 17
2977 9
2663 4
1724 12
1233 3
171 1
3768 6
2705 8
704 9
3902 12
4464 14
3846 2
4088 9
2284 6
1903 1
1374 9
2853 12
4140 7
685 2
4845 18
1444 5
2506 13
271 3
2601 13
3031 1
4041 16
2586 18
641 18
2911 3
4530 10
4870 3
824 10
895 4
3010 13
2425 4
2159 9
2372 2
1721 8
2804 11
3033 7
1601 3
4487 11
4378 16
1123 5
4094 4
1005 8
1125 5
1624 10
761 15
2473 13
1436 9
2901 11
539 18
2866 10
1393 4
1586 8
2465 16
709 7
543 15
3319 7
2519 13
3674 8
360 9
1757 4
3981 8
2569 10
1662 6
3324 1
2521 2
3266 5
520 2
20 5
2371 13
593 13
601 3
572 4
4218 13
2016 1
3187 14
3992 13
4756 18
1429 12
1562 11
292 10
66 8
646 3
4027 1
3544 1
795 2
4556 9
3106 12
1556 15
707 5
962 5
1213 8
990 12
2786 16
1164 8
3232 18
4819 13
1213 2
4248 7
3744 8
1042 14
4295 1
86 1
2068 2
4079 4
1624 6
4342 5
1428 13
102 16
2124 9
187 18
513 11
3546 11
2442 6
1758 6
4143 3
3948 14
4736 14
78 10
187 7
1377 1
4029 10
2695 1
4428 5
3820 9
3186 5
512 4
929 10
3315 7
1582 1
66 13
2579 6
4069 4
2890 6
774 17
682 2
470 16
4619 6
2817 1
1922 8
134 14
2068 15
4070 10
1600 9
866 11
3601 18
1390 1
2302 12
3565 18
322 11
1804 2
3632 6
4445 5
2558 7
1834 18
3998 3
2661 8
1304 8
3916 12
3632 12
4093 8
2008 7
2152 14
4398 12
2129 11
2484 8
4225 3
1441 7
4047 11
2027 17
4624 12
3977 15
1961 7
4638 8
960 10
2354 11
1758 5
2885 12
2931 13
3009 11
809 8
3044 10
4624 17
790 4
3788 9
1776 7
4884 4
1824 17
4385 7
1445 16
2178 6
434 15
4635 14
3287 17
1061 12
151 3
4792 14
1525 8
4277 12
217 5
3675 3
2365 14
2432 9
3594 4
714 10
1954 1
3166 13
4287 14
1689 14
3672 16
1887 8
3770 14
4216 1
3325 11
2369 8
2515 2
4020 15
3601 6
1057 13
2415 8
583 7
393 14
443 13
2889 4
1335 7
865 4
3050 10
2023 5
2441 10
1282 4
686 14
813 16
3678 16
3073 8
1669 8
1655 13
1488 10
1708 6
3098 6
2836 17
2333 13
3320 18
704 17
4316 8
1077 11
4132 7
1191 12
4694 1
1398 17
2553 6
1662 12
4 10
366 18
991 7
4260 15
2865 6
702 5
1903 13
58 9
2703 10
1321 5
3666 12
3368 14
1960 3
3061 6
3708 10
193 17
1409 11
4597 1
1650 6
2473 14
2378 16
4679 11
299 7
2414 17
1618 17
2286 7
3009 12
786 15
1930 9
2744 1
2861 15
4452 8
1992 14
3203 6
3585 6
2644 4
3033 6
4434 15
602 9
185 12
2334 16
4104 8
672 15
1992 3
785 4
912 2
3969 3
2791 18
3593 2
3032 2
1502 5
3536 15
1018 9
4882 10
3752 1
3502 3
4195 7
3181 9
140 15
4054 12
3650 5
570 2
1981 10
271 1
380 14
3070 9
398 9
4664 7
1687 9
6 15
3296 16
2728 8
4113 12
1225 12
4529 3
1338 12
3003 3
3868 8
2176 16
1002 2
4044 1
1 1
98 14
1222 17
1079 15
2792 7
176 12
3594 11
4589 15
2583 5
2317 8
1326 1
2767 14
2488 9
2348 8
3126 7
3708 14
601 3
2709 10
2823 8
2276 13
372 11
3709 18
3771 6
179 15
2630 11
3535 18
4489 5
1891 5
4565 14
815 15
4687 16
4550 7
1026 17
933 9
3251 5
2861 8
2321 4
4839 6
2795 8
3419 15
3155 16
2565 14
2913 14
301 17
3678 8
4471 9
4088 3
1909 4
3498 15
1320 1
22 7
2072 7
1860 14
2386 13
4018 2
2868 17
838 18
4245 1
2299 6
3417 18
785 15
102 1
2228 15
425 2
1234 18
4418 18
4778 8
3149 5
2485 11
939 5
4478 7
3703 5
3838 3
3634 12
4456 11
4357 7
2579 13
4623 18
3840 11
831 15
1622 16
877 7
901 7
382 7
2722 5
105 16
961 16
1718 17
3686 2
2529 12
2380 16
4419 2
2920 10
458 15
2949 7
827 1
1483 18
3386 8
1275 15
1369 7
363 15
1752 15
3551 12
1596 10
4695 12
4143 5
4212 17
2508 8
4362 5
2771 16
3936 8
976 14
4106 16
191 10
4562 17
2453 11
1792 17
3732 14
2237 9
1401 7
4455 15
3546 1
2719 14
1285 6
4822 1
2140 3
3259 15
2710 14
1661 17
4200 13
1187 14
2020 13
916 9
3903 8
2777 2
1080 1
4396 5
3585 2
4405 7
4838 15
4779 14
4790 8
2821 6
1817 3
2814 13
3958 12
173 10
2624 5
1538 18
1881 12
657 7
123 4
2629 7
1648 1
1230 14
19 16
3098 6
3990 6
1941 10
1898 8
266 16
1054 18
2946 4
3378 13
4072 8
4702 11
4749 15
3166 11
1881 14
1557 3
3723 2
1157 8
1672 7
1714 10
2997 2
3551 6
2841 15
1017 8
315 13
1641 14
3804 12
1441 17
210 13
4221 13
3006 9
2276 5
539 3
2904 12
2660 15
1331 16
170 14
3841 9
759 2
4114 5
1115 2
3828 4
659 13
1180 2
574 1
4642 13
4043 6
2426 10
2872 4
433 4
200 8
897 6
2709 17
1246 13
4611 4
414 5
262 8
2544 4
3453 10
3432 1
4818 7
2481 8
4846 4
2495 3
2575 8
2450 3
2624 12
1596 18
187 4
2816 13
2372 5
763 6
605 15
760 8
4374 7
1113 3
2814 9
3297 5
1030 4
1290 16
4347 9
662 2
1859 18
1109 8
2984 7
1620 12
1083 4
892 13
633 12
2726 10
2539 6
293 2
883 12
4496 2
859 5
2886 7
2846 3
4416 8
4190 1
629 11
1441 13
3439 7
2531 2
3910 1
1373 13
4802 10
3521 7
4167 2
3702 16
3965 8
746 4
2457 18
444 11
4193 16
3408 11
3869 2
259 15
1581 15
2788 7
1519 14
444 4
1507 10
2229 14
2868 4
344 16
4846 6
974 6
650 7
930 7
324 4
267 4
1942 15
4112 11
323 12
1731 15
3486 5
4723 7
4581 3
268 6
847 5
3034 5
3873 6
2082 7
1493 10
4004 1
1556 15
2502 4
1283 16
2721 16
2883 5
560 3
4373 5
204 1
2970 6
1574 14
1257 15
1657 12
2900 18
4457 9
1563 8
1215 11
3567 15
4393 6
3817 14
2593 10
1041 11
4327 4
2174 5
190 5
1363 15
3245 7
3668 11
1491 4
2471 4
108 6
2903 14
4356 4
3249 17
1649 17
1214 9
3652 9
3538 7
2734 7
3201 16
1738 10
273 13
324 17
604 8
4700 13
2101 9
2306 9
3750 8
1851 13
1545 14
1931 11
1685 4
4453 7
1062 3
3577 8
1607 15
4221 11
2607 15
4799 10
4882 10
1581 12
2068 7
1063 8
2731 1
1934 12
1223 18
1860 4
565 16
4812 2
1138 18
4274 8
1345 8
3412 4
1947 8
3870 14
3011 11
1399 18
2209 6
2997 17
2921 17
4881 8
3456 13
2004 16
2809 4
3936 10
2922 13
723 11
2057 14
3558 8
2035 16
506 12
1969 9
4434 1
537 12
3895 2
2289 4
2510 15
348 4
3977 16
2585 10
141 15
4108 4
131 12
2462 8
2187 4
1167 3
4353 3
2099 16
4499 7
504 3
2829 4
1104 17
845 13
4472 7
201 12
2982 17
4871 5
1750 5
2606 5
3744 13
4619 4
2380 6
3976 3
2701 11
1224 6
1838 15
3206 5
2981 10
1278 13
156 9
4044 5
2028 9
943 1
1516 1
3682 18
2551 13
2096 6
3755 5
1704 12
3472 3
1024 14
2379 17
3432 15
640 4
296 13
4815 3
2092 2
4607 3
2939 15
796 13
1042 13
2284 17
4381 6
1752 18
587 12
4292 12
4814 16
2 17
2800 4
3587 2
1315 17
1676 11
886 1
3919 18
2270 17
268 10
1791 2
4103 12
2365 5
691 7
1603 16
2126 9
2716 4
1796 16
3108 14
416 13
876 5
3107 14
4110 7
2094 3
1852 15
1027 1
229 13
222 9
1861 16
4046 6
315 11
2431 15
2549 5
1721 9
4508 3
2265 2
3284 15
3557 13
2439 16
87 3
37 9
1437 12
858 4
3477 16
998 18
3141 7
4035 10
4776 4
3066 9
738 5
1141 7
450 11
4741 12
3407 16
335 6
4882 18
805 1
2242 7
328 7
472 6
439 18
2889 17
2750 8
419 8
4033 16
23 4
903 9
3081 15
4050 2
3026 4
2184 2
4264 12
3037 9
3393 16
3947 9
2615 13
3307 7
7 11
111 4
2281 13
2599 10
4674 1
4434 6
90 9
1695 18
2173 10
3913 11
492 2
325 8
472 1
2819 10
3895 15
2513 6
134 15
4547 18
3179 9
1331 2
1235 2
3694 6
3371 18
3629 18
2593 13
531 18
122 15
2175 16
4174 12
555 4
1510 17
1321 17
1160 17
641 7
2161 5
4220 13
499 8
90 14
2788 4
4182 18
2311 5
4775 14
2476 14
1948 12
3395 13
1735 15
2212 16
1482 13
4007 13
3321 9
4565 14
3165 17
2014 10
1775 18
1121 11
2289 5
2052 7
1861 11
1563 3
4268 6
1099 17
1580 3
4418 5
4781 11
997 4
1816 6
2520 10
4461 17
771 8
2447 2
4532 6
3380 1
1265 6
619 10
939 14
4141 1
1095 15
2039 3
4403 18
1010 18
362 3
42 3
2194 1
1073 16
808 18
491 4
1488 17
2994 18
2529 6
63 17
940 18
2122 16
4388 4
4796 18
1453 9
2497 6
1028 13
4201 10
917 5
829 13
1805 1
4311 14
2839 12
4040 16
661 18
4419 3
1793 2
833 7
1825 6
2741 6
1676 5
1401 12
3001 11
1389 6
724 10
3993 10
4504 10
1794 18
643 18
3273 5
3754 8
1176 14
4561 11
98 16
2661 18
74 3
4876 5
1504 4
51 11
700 6
4006 4
4706 2
2101 8
4712 6
2471 16
2580 4
3516 8
3053 10
2061 18
2397 18
2753 5
4877 18
2722 5
4330 9
4459 13
1132 17
3837 10
3030 12
4721 9
1952 13
1658 5
38 2
1164 2
1702 6
2127 13
3872 15
631 5
4510 12
3180 6
460 17
1599 14
317 7
3467 5
2254 14
4455 2
3808 5
1861 1
499 11
2268 12
4429 2
4187 1
2353 2
3388 7
2762 10
2030 18
3447 2
3926 18
3151 1
1048 8
3948 3
3348 3
2146 5
2115 3
2770 2
4248 9
3976 2
806 1
697 8
4533 4
2501 17
2291 16
1885 12
240 6
468 8
1992 12
1085 5
4879 2
1740 17
2475 14
4862 4
1668 9
2190 10
1026 15
3360 6
1757 16
3885 6
518 13
1585 17
1691 10
4541 16
4363 3
65 13
979 16
4549 2
1490 9
562 2
3025 17
379 12
4659 18
471 2
4425 3
3925 1
4364 15
4405 14
123 18
4610 9
1603 7
3731 2
2795 14
98 7
4364 5
4637 4
1880 9
2295 3
1223 5
142 17
1018 9
2944 9
2482 17
1897 13
4457 4
3284 7
2790 14
1801 2
599 14
4331 8
641 3
4324 11
2746 1
250 16
1728 2
4143 11
332 3
3839 5
4672 1
2974 12
507 16
3135 17
3664 5
4458 17
2932 11
4267 11
4071 10
2918 11
370 18
2133 17
3886 15
4175 17
182 6
1314 4
3007 13
4123 9
2595 9
1938 9
1386 10
2091 14
2442 3
2184 16
3867 9
3916 8
1034 3
1897 5
1596 18
2874 13
3217 2
2800 12
2681 9
1463 12
2930 4
1651 12
4735 17
3459 11
2912 10
4501 12
2254 6
3730 16
720 3
2525 7
288 13
2404 15
4394 15
2198 1
4086 5
3752 1
2804 15
2003 17
3457 11
726 3
1923 9
2699 10
2131 8
2631 1
1692 6
1742 12
1453 1
3156 4
2995 11
2593 11
2755 15
3337 5
4635 13
2806 2
4679 4
697 18
208 2
4736 14
4499 12
2026 14
3743 11
801 7
610 5
1762 10
4233 7
2687 16
498 12
2070 16
2779 6
1860 7
162 5
3148 3
4216 10
1019 7
709 2
85 2
1479 14
4403 13
2695 8
1690 10
4027 14
402 4
1150 12
4621 14
2064 4
104 9
3962 5
1038 4
3501 17
4083 11
2573 5
2544 8
2731 12
2327 13
4010 11
430 14
1051 6
4656 17
3527 12
76 9
2571 17
1168 4
1914 15
205 2
2564 6
1604 15
1797 18
1044 18
3597 6
2227 15
1445 18
4834 9
2089 18
1492 2
2844 18
1391 8
3118 10
2012 16
1129 11
1634 13
2119 17
3982 7
3320 12
388 12
2725 1
4664 18
1685 8
1785 10
2022 7
3781 14
4849 5
3448 14
1925 7
1983 13
4156 6
3861 11
2621 3
3696 12
3233 12
517 14
3759 7
4567 17
4679 1
3077 7
2850 2
4218 1
272 7
754 7
1705 6
1241 1
589 2
3717 11
466 3
1809 2
4183 6
45 8
2720 18
1707 16
2832 4
4663 5
4018 4
4687 11
3560 8
4077 2
3535 13
2387 11
3421 13
2853 5
3897 1
1332 12
4045 13
4884 6
4375 17
2159 11
4883 8
4584 11
4237 13
210 16
1671 8
3516 9
2023 2
4123 13
1582 8
4175 1
2453 2
4400 1
3552 4
3009 8
4745 9
404 7
2049 7
1153 5
3354 13
1315 3
3601 12
1589 16
1587 5
836 9
283 8
3614 1
3842 4
1955 13
1663 13
2676 8
950 17
1489 11
4732 5
2927 2
1991 5
2401 18
2820 18
1864 14
2382 10
3209 3
4139 7
3693 7
36 6
2926 6
2179 14
3235 13
2906 17
2265 18
4542 5
1781 9
3856 1
1235 12
3089 11
883 2
2589 16
2303 16
3137 12
1979 5
4256 3
1484 11
1036 15
1964 11
4606 1
2637 12
2186 16
3057 4
4518 10
2735 11
1066 17
2897 8
3897 2
1389 3
4844 14
4016 18
4493 16
2644 14
1514 13
2704 11
1730 6
3460 2
2590 1
377 9
4169 18
3157 1
2415 6
2871 6
1153 11
4513 10
975 12
2741 11
4830 1
46 3
167 6
4423 3
4647 15
1532 17
1885 1
816 16
1451 18
1055 8
2110 16
4003 11
4234 16
2681 6
193 10
1261 13
2842 10
1697 3
4170 6
1707 2
3003 4
3338 14
817 12
3007 12
2808 3
4227 8
2135 7
3841 6
4108 18
2893 9
4109 18
4322 1
4020 9
4697 6
759 7
4198 9
2994 17
2813 16
1748 13
1378 9
1316 10
1822 6
1854 5
2035 6
2934 11
723 6
2318 5
141 14
791 11
4021 7
1169 12
4305 11
4885 8
1781 8
930 13
2885 1
1292 8
3716 9
3032 8
2261 13
1287 6
2979 17
474 14
1577 4
430 13
4583 7
4313 9
148 15
248 1
2775 7
4378 10
2421 1
1696 1
854 9
484 5
2477 18
2358 3
3530 11
920 5
972 2
4779 7
1224 7
1416 2
766 16
4228 12
760 18
845 1
3273 4
1829 16
2171 16
75 12
22 3
3459 3
4 15
1408 6
3376 7
3990 16
4160 11
1613 10
4526 10
174 2
4652 6
1655 2
3884 10
1090 2
3704 10
2312 3
1710 5
711 11
3503 8
4445 18
3488 4
4055 6
4694 6
3929 3
3552 15
2326 16
3580 4
1205 11
4224 3
4614 7
4190 4
3384 18
4197 15
4674 7
479 11
349 11
4743 11
2912 18
2772 8
512 11
2982 18
4164 4
2520 2
4162 2
2307 4
414 7
2682 10
4508 8
2431 4
5 17
4314 11
2637 16
1157 4
3426 1
1102 17
3993 14
2250 16
4092 14
4610 1
3650 17
3909 4
2494 13
2040 8
3989 7
2874 10
1377 10
3299 17
3529 15
2919 8
1199 17
1746 3
3875 15
1367 1
3956 18
4848 3
3193 7
2957 8
450 7
337 17
1210 3
1543 13
2075 12
2637 13
3739 14
3445 10
245 5
2411 3
1084 15
985 16
2276 16
930 5
767 10
2626 15
4751 6
3327 7
962 3
4461 4
108 1
1575 4
1921 12
3517 7
2148 7
589 12
3396 7
2922 2
2003 13
4178 16
3654 17
2137 14
2479 15
4445 13
2779 4
4783 17
4728 7
2178 3
4484 2
538 1
2138 16
731 13
3971 18
180 13
2583 12
3282 5
1627 17
613 18
4025 8
2406 3
4248 16
3342 17
4881 11
1576 4
3235 13
2716 17
3405 2
6 17
50 18
1204 6
2717 12
3627 17
3656 14
697 1
4681 5
4458 13
4312 14
978 7
1151 1
177 12
2834 3
4270 15
3949 14
744 12
4014 15
4556 4
1664 11
2665 4
1171 17
2438 13
4641 4
1281 5
739 3
2508 5
1156 6
887 1
3526 16
3340 18
1318 15
2566 16
3366 16
1085 11
2098 11
1903 11
669 4
4508 7
3929 5
4178 3
3394 18
3182 6
2845 17
3115 17
2293 13
4100 8
3659 9
4359 6
54 2
3381 10
4426 12
1157 10
3572 14
1920 17
1356 9
2486 14
965 11
4412 18
1957 7
1601 5
939 5
1333 18
3259 17
2467 10
1055 12
3650 5
2276 5
39 4
721 11
3350 9
4823 17
348 12
713 9
4139 11
3675 15
55 18
907 2
1949 14
4181 13
2522 11
2210 2
482 13
1031 11
2414 17
2304 18
95 3
540 8
1526 10
3333 5
779 7
2506 15
2771 6
2429 13
2442 5
1077 18
3752 11
3110 18
869 2
4312 3
2989 10
1995 6
1528 2
1568 6
4744 4
3479 9
3284 9
1211 10
1766 13
4757 15
3962 5
1807 10
4659 13
3431 2
4358 15
87 15
2623 13
3294 7
2035 2
3676 8
4427 15
3380 15
176 18
4145 1
1782 16
274 8
2649 3
3107 8
2351 7
2064 16
4814 16
2609 2
2596 17
1747 10
4199 11
1505 13
4713 9
172 10
4500 8
3973 15
4605 2
930 9
4581 3
1372 12
587 3
2376 4
4624 3
3209 17
3771 17
2938 15
3514 16
4004 15
77 10
1580 7
1899 15
3403 4
348 12
2735 10
2938 15
1887 15
2962 8
3783 9
250 6
2195 5
4678 5
3637 12
3030 8
1058 14
960 7
3030 5
154 1
1404 16
2733 10
4788 4
537 8
855 17
4294 7
4582 8
167 13
2318 4
402 6
279 7
3842 14
4141 7
2820 2
2828 14
1066 8
163 16
4370 16
4752 3
1113 7
2027 12
3936 16
1147 17
2878 6
3749 12
479 2
4158 4
3367 15
2232 5
411 16
2138 1
2461 10
1942 15
4681 16
3839 7
1263 12
4224 4
1510 14
1015 7
324 11
991 8
3166 12
2229 15
1500 13
117 18
3646 9
2470 10
2313 3
3663 1
4077 16
4719 3
2221 12
411 8
1587 17
4016 11
3840 3
300 10
4618 13
2571 18
1746 5
2541 1
2236 14
3734 15
3488 7
3913 4
2275 5
400 18
2844 10
3699 17
4747 7
1846 2
4376 3
3467 4
4386 2
4274 9
1778 2
3548 4
3156 12
30 7
4379 3
646 1
823 9
3802 4
2516 7
4597 6
3753 1
1995 4
2565 9
2283 12
1102 7
802 14
3150 5
1128 10
222 6
1682 10
2122 12
1326 4
1454 8
1153 1
4696 9
4107 10
1931 8
3954 10
3843 3
4884 16
3549 3
193 5
2068 16
2384 18
631 17
2034 9
3584 14
3361 1
1507 1
1471 18
3447 10
3465 17
1542 2
2949 8
2872 15
1446 16
3093 8
95 11
3194 17
2406 16
4781 12
3938 8
753 16
1427 14
682 4
932 9
4173 13
1359 5
2538 9
2680 14
1383 18
1101 7
1398 16
1572 4
1835 8
2995 18
1497 6
1215 8
2509 10
3350 8
253 16
957 14
1597 12
290 5
1889 11
2170 17
4311 17
1753 14
3370 16
3485 4
3353 11
446 15
56 4
642 9
3265 5
542 3
3254 10
93 2
4884 9
2298 9
521 10
239 8
3065 14
1931 7
906 1
4619 5
4152 9
71 8
2712 18
1455 13
4882 11
1998 1
1659 13
1123 8
2355 6
753 3
1416 11
3131 14
3418 16
4146 17
1096 6
3588 7
4808 16
3728 13
4604 1
1561 8
1515 18
3401 15
2844 6
1417 2
1784 10
1134 8
2425 13
4616 16
1167 18
49 13
4742 5
612 1
1977 4
1428 1
544 6
3517 3
859 14
3378 6
4335 11
4149 16
461 3
3827 6
703 4
2114 13
3737 12
4011 13
2396 17
671 13
3439 15
925 2
4249 10
2749 3
3421 16
3495 15
127 13
4836 4
2482 9
337 6
4089 6
2942 3
1005 5
4618 5
4875 6
700 11
2774 5
3366 9
1885 5
520 2
389 17
900 2
1079 2
1241 18
3601 16
2924 10
1195 4
2341 17
4413 4
988 3
3637 2
4266 8
3320 6
3309 13
3057 10
1758 16
2048 15
1962 8
1457 18
4074 2
2825 17
2918 5
296 17
2799 8
2497 16
3304 3
138 1
3691 12
2574 12
4604 18
1892 6
2160 5
2702 3
1276 3
1548 6
4535 4
3129 17
1467 11
1325 16
1688 7
1594 8
4191 6
3246 16
1314 12
587 13
2731 14
4184 11
2299 14
1115 10
1854 3
4819 10
2101 7
2676 17
269 6
4863 10
1206 11
3089 18
1638 1
4134 4
748 8
4707 9
326 5
633 16
977 1
3748 10
2136 8
1961 17
4547 11
618 9
93 18
3314 16
2352 13
2797 2
2762 12
1957 12
240 14
1325 14
1697 13
1541 1
1710 6
3801 4
3697 15
4634 15
3327 15
788 17
4863 7
3344 10
4447 10
3550 6
516 13
3364 4
3747 1
3715 2
434 4
2551 4
3530 1
4227 7
3022 14
1877 15
4867 15
3516 6
4059 12
4073 4
3832 4
3593 10
2736 15
3460 18
520 14
1470 7
1055 11
2163 16
2601 9
2317 1
3067 11
4066 11
4013 4
2029 18
599 5
3528 3
3565 18
298 10
858 4
4691 10
718 12
2640 6
2428 18
3001 4
1706 11
309 7
915 7
3315 12
1860 11
781 13
4703 17
1399 9
4844 16
3274 15
2191 3
1406 15
3223 16
4504 8
2322 7
3529 12
902 14
4712 1
947 4
3378 13
1597 12
3775 14
269 2
3570 15
2571 18
1364 8
971 1
1370 6
1475 2
1615 15
4275 2
2177 16
4039 2
4345 18
4123 6
41 14
4215 3
3537 13
978 17
463 6
2833 14
201 15
3869 14
2133 3
2344 15
3877 4
546 16
4375 5
1917 7
666 7
2355 11
3280 18
915 3
2716 15
2921 3
3158 14
4880 17
4704 5
2937 4
4573 9
2615 10
2060 5
824 18
2366 6
4029 3
3735 10
3907 11
4750 7
2322 14
3866 3
3374 1
3072 8
4885 5
397 15
1402 1
3160 10
4842 12
1326 6
3756 14
2887 2
4422 1
2963 8
2941 8
3426 3
280 15
4799 6
1408 1
2889 10
365 4
1116 1
1993 12
4034 12
4306 6
491 4
590 1
3337 4
3097 7
2266 15
1956 11
2845 15
2574 18
4276 4
3638 8
3942 4
4120 11
4006 6
445 13
2137 3
1940 1
2081 8
1350 12
1697 13
322 10
1026 10
248 11
100 10
1828 10
3393 1
301 2
4298 17
554 3
4054 12
4424 9
2162 4
4695 9
176 8
2706 15
1692 11
1628 3
2408 12
290 13
725 8
2472 15
479 2
2486 9
2920 18
3739 1
1376 18
1020 1
3193 13
1461 10
775 17
215 4
4681 14
1168 13
2053 17
3762 4
417 3
1470 16
99 10
665 8
1516 13
1 6
738 6
4440 6
1116 3
917 8
1646 10
3387 2
1988 7
192 14
4408 15
4507 17
269 10
2455 8
2602 12
514 13
574 14
3174 13
3785 6
1957 1
1569 7
2575 18
2007 12
1095 9
4170 8
4862 3
2091 2
4288 9
4039 3
4278 17
3080 10
2266 7
1992 16
1681 18
3686 15
3926 3
1343 5
1097 9
2537 3
2994 8
189 2
4759 13
3123 9
1316 12
2758 4
573 13
2145 16
4402 9
2126 8
1598 4
1002 2
3750 4
1112 6
3644 11
71 11
4540 11
4813 9
750 10
3481 7
3943 17
2727 10
2077 18
2976 2
773 2
4181 1
1913 4
593 9
4101 1
2804 9
2230 16
4264 13
3498 9
2228 5
4661 7
2354 17
607 12
3777 5
3929 8
4818 11
3888 6
1577 11
3503 2
2195 14
4652 9
1350 9
442 7
388 2
180 10
3823 5
2377 3
879 15
4657 14
4273 16
4542 17
662 8
4249 2
1498 1
800 9
2963 3
2142 15
1068 5
3673 4
1094 9
1565 11
1885 6
4603 8
3881 16
2939 13
1374 17
4442 10
3720 17
4739 16
55 6
2187 18
1775 14
484 3
956 9
4047 9
3402 12
1994 3
4250 1
3134 2
1769 14
2964 18
3359 15
3329 12
3972 1
3819 6
607 1
2787 5
3338 10
3938 6
2939 9
1170 9
1567 6
4414 18
220 18
2954 17
3785 14
192 7
1342 5
4290 13
2971 17
4320 17
1025 3
4216 5
815 12
4283 1
1084 8
4362 1
2434 17
3656 3
3976 14
3426 9
4848 10
1998 17
2798 17
3201 8
2655 16
4141 8
3670 15
3053 3
4272 16
2145 1
4192 6
574 18
1251 7
2306 5
2883 2
1934 8
3428 17
4813 6
1094 2
3464 18
4206 10
4595 17
2626 8
4002 2
2712 13
584 16
2520 4
1960 3
4220 18
4735 2
2365 2
4438 12
3274 2
958 4
2268 15
355 14
1084 13
1164 5
4672 12
3981 5
2560 17
4063 17
3249 7
341 9
1888 1
1518 11
4346 18
1006 14
3344 2
1308 1
1664 13
4724 9
3762 12
3921 12
4821 3
2566 17
3092 15
3427 7
4157 10
3114 14
1559 12
3801 15
1418 16
515 14
2294 14
4645 17
4848 6
837 16
3250 5
568 6
3896 11
3169 15
4415 1
3183 6
4744 1
2368 15
24 3
2724 10
4688 16
1282 8
2291 16
4239 14
1582 6
140 18
2721 18
3084 6
3585 2
2733 2
1755 10
930 17
256 3
100 2
4386 8
2169 10
424 2
3210 18
2265 16
417 12
2999 4
3410 13
867 2
4556 13
2113 2
4832 4
1995 13
3305 13
3708 11
4363 2
4738 1
590 12
2659 10
4558 10
2133 10
4605 16
112 2
4260 2
3361 18
3761 11
4151 4
1486 12
2546 1
839 8
3768 7
751 8
1574 1
2527 17
333 18
2663 2
4567 10
2562 14
1985 7
4386 2
2815 15
1363 8
2414 10
2809 2
3484 2
2359 7
4 9
3974 11
2278 5
644 1
3694 13
4866 16
1129 6
3077 5
1609 9
2535 18
4776 6
2342 18
3297 16
571 10
3330 1
609 16
1882 14
3065 16
1192 18
1751 4
2401 16
4878 1
53 8
2818 5
713 4
1652 7
1666 14
1739 8
1190 4
3440 14
4248 14
1932 15
4122 8
1466 18
3289 15
3689 10
894 12
1674 12
2708 9
2822 16
984 13
3135 18
1879 6
4758 17
1283 5
2207 12
4839 7
477 18
479 1
3143 15
1786 17
3400 10
16 16
3274 1
3704 11
76 16
4686 10
4553 9
3142 15
2133 11
2714 9
2243 12
589 2
1022 16
4723 18
1222 14
1405 7
2746 3
4723 17
3520 3
4240 7
3498 13
4881 6
2309 7
2786 8
2355 9
3908 5
4035 18
4519 2
1229 5
2918 13
2621 11
4501 5
766 11
248 3
4816 15
4250 15
3249 15
3435 4
3384 11
3605 5
4273 8
908 15
2149 12
1206 6
883 13
565 10
986 18
3763 14
2615 10
545 8
4606 4
2749 15
4690 11
430 14
4539 16
2969 4
3368 4
2396 12
3460 6
4705 8
1862 17
2779 6
2844 7
3116 3
2208 17
4812 16
1454 8
2239 2
4448 6
4178 10
4832 4
4800 8
4429 5
4249 12
4525 5
4063 4
594 5
4884 10
3326 16
2537 5
603 14
2964 6
2235 14
3610 2
1257 13
763 3
1008 4
2719 3
1859 2
166 12
3855 8
2006 7
855 3
2209 15
4638 2
762 11
4315 5
386 14
2226 13
213 3
3637 18
902 3
4534 10
4807 3
4146 17
4209 11
4642 17
3028 3
4063 18
598 1
4146 16
3918 14
2851 9
4480 18
244 8
4371 1
2927 9
469 14
4882 10
2388 16
3573 11
823 5
2259 1
3772 2
3273 3
3074 6
510 14
2214 4
954 5
48 18
3048 9
1816 3
3462 11
1567 16
2097 5
2875 12
2534 17
3210 7
2271 4
4093 2
562 7
3624 15
1905 6
749 1
3821 1
2176 5
591 6
1828 12
2755 6
2461 5
2332 6
3522 12
3637 6
767 16
4224 13
2671 10
1950 2
1444 5
3693 4
3183 18
1507 14
2298 2
957 7
4141 13
1702 11
47 7
1145 7
1190 16
297 4
2346 17
618 3
164 4
1551 14
3905 13
4772 11
4547 4
1639 5
4645 5
4729 5
798 16
1219 5
3266 14
4027 6
3945 13
2030 12
2006 12
3136 14
1754 7
1416 14
3932 1
1580 13
2541 17
3296 4
1907 4
4738 14
2326 4
3750 9
364 7
3303 1
1189 5
1560 7
1496 1
837 15
1440 4
3003 11
4853 16
1370 4
1492 18
4310 17
1652 4
1503 4
2574 17
2453 10
2581 14
750 13
4285 5
4593 10
1676 2
4842 11
4361 14
2369 7
2661 15
2772 17
1820 16
1741 1
3782 13
800 17
4853 10
3651 12
4461 1
1997 3
2648 9
1341 8
4756 1
1063 18
450 11
4255 4
2610 2
2609 6
3445 5
2373 9
4203 17
331 13
2800 2
3282 7
2385 4
3304 12
2856 4
2058 13
1640 16
1905 3
1407 1
572 10
3919 5
2899 6
4862 10
4384 8
1369 13
3690 4
4836 5
733 11
2206 18
1280 6
4221 3
1 10
1533 3
3176 4
1051 8
1732 13
1926 8
4805 7
3119 9
4309 12
1422 13
2833 6
656 15
1358 4
3971 5
1149 10
4629 13
4608 6
1963 7
4108 15
2214 18
4885 12
2883 10
1038 13
3920 10
3975 9
4365 7
1552 15
1916 3
2590 9
3021 12
2312 1
2028 13
4582 17
3270 12
3917 1
2083 8
3310 15
3416 8
406 2
1429 5
1707 7
1919 12
627 3
3033 17
4268 3
2596 13
4288 12
4479 1
4813 12
3444 13
3557 4
1972 5
2577 10
2844 4
2511 14
3679 1
4270 1
3066 15
2286 6
4884 16
2359 4
3941 6
4777 3
2708 7
986 7
4772 16
1577 4
4796 14
2257 5
1361 2
3772 5
4141 5
3440 17
4080 7
144 5
294 7
88 15
260 1
490 11
4357 1
1483 9
1001 9
3091 7
3164 10
4292 4
3692 2
712 17
85 16
1127 2
3580 15
4552 2
3099 18
717 13
3934 17
4541 4
1079 7
641 8
235 16
1210 5
2861 11
4670 5
4063 2
2338 17
3357 17
3666 1
4253 5
422 15
246 15
2227 5
4332 1
2882 7
897 14
417 14
4620 12
2476 13
239 7
1604 10
2569 8
1107 4
3187 17
4076 12
3637 9
315 15
4471 7
4381 11
331 17
1320 18
4266 1
2165 7
3545 11
1464 1
817 18
3585 17
2536 7
754 2
3678 18
195 6
4220 4
3690 15
2595 4
640 11
606 1
3987 1
2462 7
310 11
2734 18
1895 15
1534 17
2158 6
117 5
1697 4
3584 14
1010 12
691 1
1584 14
4335 14
2061 2
390 15
4576 15
1458 13
1765 3
4214 18
677 17
2516 7
3280 17
4326 13
956 6
4578 1
4414 8
3724 1
2186 2
286 17
3984 2
3754 11
4750 10
2425 15
2046 14
169 2
4376 16
3843 13
567 18
3495 2
4064 5
2485 4
4124 18
4726 10
3496 11
539 12
923 5
4236 6
765 1
4428 4
1793 6
3383 5
4277 13
1866 4
647 13
2289 4
4525 4
4250 4
367 3
1307 4
2153 12
3649 6
1695 4
4841 4
621 6
3509 4
3009 11
4346 1
1057 13
4558 3
2713 5
2333 15
1229 18
637 12
2426 10
4238 5
2178 14
3068 13
707 18
1854 10
759 18
3090 9
4098 13
4508 9
4444 2
3642 4
3703 16
513 7
2076 17
3475 15
3894 11
3326 11
845 1
2592 4
2909 1
1833 8
1734 17
3227 11
4467 17
2369 18
679 2
800 6
4542 6
185 5
1366 6
1023 7
2182 12
2594 4
4703 17
2420 14
4719 2
1959 10
3400 7
1511 17
1838 2
2184 12
2949 1
4326 16
3254 15
1295 3
3812 18
4808 2
1106 13
1653 9
4765 17
506 12
2970 15
678 4
2786 18
3104 11
1400 15
3980 16
801 4
4009 16
4326 16
2003 18
613 10
1148 12
3315 16
898 12
1705 8
2605 5
4819 6
411 7
3370 15
2105 17
4748 7
3387 4
2704 16
2442 9
2700 18
207 17
4272 15
1326 5
2226 6
1724 15
852 6
836 18
2194 5
3864 11
3530 14
940 17
2780 2
1526 8
3163 18
173 1
1743 14
4875 11
2952 17
3213 11
2908 10
2879 2
2144 1
3442 7
2989 16
368 13
216 1
977 5
1157 2
3530 2
881 15
2038 9
2769 6
1349 4
4491 13
3505 13
81 11
4884 14
90 7
1712 14
4699 4
2188 15
171 11
331 9
1461 9
2854 3
715 4
3656 13
3630 8
1024 11
1182 3
3464 13
3788 8
2532 13
3346 17
4163 3
4134 18
2207 2
2919 4
2338 17
642 12
314 6
2166 18
2547 8
457 4
3248 13
2892 4
2650 9
1171 11
2526 11
4078 5
3535 1
896 15
3493 16
755 6
2927 12
4620 3
4071 13
2731 2
388 10
87 3
3866 7
3612 2
3117 10
1889 1
905 14
2213 9
1098 5
759 11
1866 2
420 15
1113 1
2689 6
3961 7
204 14
1953 17
3588 14
1994 6
3514 15
2410 14
427 1
3027 2
3525 10
3768 18
3485 6
2853 8
527 6
2717 3
4795 13
687 13
3058 10
2624 7
213 13
990 16
3165 8
3913 13
66 13
2155 5
4822 17
3221 4
2142 9
114 8
1396 18
4773 1
2608 13
3537 8
2133 16
3010 16
3568 7
1521 10
1646 14
1676 14
2244 12
3410 1
1780 18
3752 5
1271 5
3805 4
3594 13
1737 10
357 12
2194 9
4118 6
2546 13
2619 17
3101 13
2222 10
2710 2
1665 4
494 12
3108 4
1397 7
3932 10
2891 8
962 9
3595 14
718 4
388 12
2925 5
2947 4
3356 3
2551 5
1236 18
1802 2
992 1
2348 18
3833 13
4504 6
4686 14
509 7
3227 8
4203 7
4372 3
4391 15
5 18
3841 18
1921 5
4067 5
957 15
2264 9
310 2
3972 1
1776 14
707 4
2229 10
3672 17
2650 17
4827 17
150 8
399 7
2082 4
30 18
954 6
332 3
4126 6
211 6
3494 6
4855 11
3663 9
4194 8
3357 1
1362 4
2136 8
2801 6
2667 1
2592 16
2477 7
4839 11
3803 16
3375 6
596 9
3282 5
315 11
3902 10
987 14
3002 6
2147 8
3113 2
4791 17
3269 8
2491 16
4069 12
4575 5
3351 13
3979 4
893 7
1505 13
2190 9
2234 2
2090 16
1 17
2380 3
499 3
3757 12
2500 3
1105 12
1573 7
1044 5
4323 18
2479 3
4871 11
2214 8
845 13
1788 10
1630 7
2318 6
4345 1
1947 14
1932 16
867 2
3162 17
4651 4
2978 13
4107 4
1524 12
4647 11
4787 6
4193 2
1738 6
97 7
1708 3
937 15
58 12
1873 8
3030 14
1214 18
4184 10
4484 2
708 12
2406 14
2936 1
1192 11
738 14
1179 2
3456 5
2377 16
4566 17
393 1
908 3
1717 5
340 9
271 11
2193 13
4264 2
1813 16
3789 13
3053 11
161 12
3168 15
4492 17
15 6
2413 8
4134 3
2425 4
4349 17
4815 16
1944 1
2966 16
3305 3
4182 12
3280 2
108 15
2112 11
655 10
1572 18
3516 15
3927 17
725 7
4143 7
1481 16
1395 9
4431 10
4502 8
2937 7
1498 7
4538 16
4141 5
847 5
3380 6
4148 9
179 16
2689 7
4528 16
4384 1
3839 8
3175 12
2125 11
3628 9
2562 6
1197 1
641 16
4161 13
1642 12
3567 12
3470 9
4164 14
31 13
4410 4
437 14
2129 13
750 18
3199 11
2500 10
1092 13
581 7
3786 7
171 16
847 16
3253 14
3237 9
3813 4
950 5
598 8
1155 5
2522 17
244 17
4253 6
3315 14
3948 18
659 1
3148 6
2016 4
2279 13
2463 18
1699 14
963 2
1937 14
1935 1
901 1
861 12
345 9
2657 4
2935 11
3712 5
2386 14
1058 1
3539 1
2448 12
119 17
3281 1
4253 17
3428 6
285 9
1166 16
218 1
1712 4
3060 18
3938 4
224 17
727 14
2927 2
1086 3
726 10
2626 6
1136 4
1812 3
873 4
1209 1
3768 9
3795 12
4242 6
4470 7
2462 5
124 2
3242 15
116 8
1266 9
4520 18
1596 5
523 11
1616 1
1059 6
1413 5
1292 15
2437 12
2206 8
996 17
1713 2
3339 2
308 2
3458 10
2025 4
504 16
4163 7
941 9
3805 7
2668 18
807 13
4245 11
1681 11
4048 3
2625 12
2433 14
2967 10
4884 10
1983 16
1798 2
4662 6
4861 13
3793 10
96 15
3585 8
4640 12
1310 13
1320 9
3993 2
2134 7
4676 11
1592 3
1242 10
780 6
4320 15
2677 6
347 17
3866 4
1335 7
610 1
3324 9
813 6
1697 16
3233 1
4859 15
2578 18
2633 8
1966 10
3106 8
867 1
255 14
4787 3
2954 15
307 12
97 6
3769 5
166 6
682 8
2564 10
3186 2
1249 12
2000 4
3651 12
1172 4
2294 18
4087 10
20 13
2325 12
3760 5
648 1
4429 12
2502 1
1589 3
2948 10
3855 8
558 12
829 1
848 6
3896 13
1164 10
2934 17
2069 5
2146 6
1923 9
3810 2
350 13
3424 18
3408 17
2250 16
522 12
3838 18
3416 7
2313 15
1748 6
3850 3
2167 13
2877 9
4024 10
2244 4
4437 5
4729 14
760 5
2613 10
774 15
1662 8
1719 7
1457 1
313 16
3095 12
4078 16
807 18
2164 13
3857 16
1270 11
622 9
3071 4
1993 16
443 14
2939 13
3686 18
4384 12
648 11
3339 16
4322 15
644 6
1316 11
2398 1
2807 11
2526 15
4463 14
2345 10
1966 5
1995 4
4842 1
1699 5
4547 6
1697 7
1492 3
4021 11
2900 16
245 5
3389 3
2267 4
1001 8
2829 13
1748 12
501 11
213 5
1422 8
1182 2
1489 12
803 10
4760 10
3379 5
2471 12
1181 11
1441 3
96 9
1472 12
1185 8
3522 11
938 13
3858 6
2358 15
253 4
3089 6
569 13
2127 14
3834 8
4827 15
1641 10
2571 12
509 7
1192 11
4741 3
3897 9
1082 18
2445 14
4314 15
4484 1
4397 2
4177 11
1241 7
3365 18
3076 3
2203 2
4404 11
3711 9
4635 11
519 18
2178 6
3314 10
1844 18
1731 9
2800 6
2389 18
1000 1
1394 5
4289 14
1364 15
2901 13
2250 6
2973 12
1506 5
4463 9
4873 11
1812 16
3578 15
3805 7
4076 4
1437 18
3825 8
3627 18
2650 6
1094 3
2264 16
908 3
3937 13
1758 12
3504 11
4235 12
901 13
1023 11
809 9
995 2
2651 6
398 2
1168 5
767 13
1035 15
3493 1
4301 15
3312 4
4116 11
2702 13
2345 15
1000 4
1046 9
144 17
2708 12
4339 3
3223 18
1427 8
797 7
4663 10
4460 15
3796 8
4702 7
176 15
4843 13
3213 6
3450 16
796 17
1895 3
3615 7
1613 9
943 6
2227 14
1903 7
988 9
3096 1
1084 1
302 10
3721 6
2711 4
4380 4
3588 15
3198 18
1146 2
1295 16
230 13
1027 12
1259 13
2516 10
812 3
2738 16
1258 2
4809 5
707 3
32 9
786 1
1067 1
3618 10
815 6
1835 14
2761 8
4021 16
1318 11
1555 2
3931 15
4222 13
3575 18
1260 16
2287 2
1230 18
241 11
2300 13
2734 15
4272 12
3059 9
1238 18
3813 6
2583 4
2370 8
3508 10
2010 1
879 10
513 4
3796 18
4767 6
4007 13
950 9
2414 15
1521 12
4491 11
732 1
1740 11
3417 4
823 5
4271 18
1938 11
1806 6
4502 10
4363 11
1635 5
4629 14
689 14
4574 12
3177 7
3292 15
3998 16
182 14
4179 16
1612 18
1515 5
4037 3
4606 18
883 14
2975 15
1045 11
2256 18
1344 6
321 7
3908 1
3584 5
4066 9
2275 9
4227 15
2826 16
2758 18
3869 2
4588 4
1719 14
892 7
3944 14
3056 2
184 10
37 9
3214 4
1808 14
150 13
3859 7
2078 1
1154 1
4565 14
2424 18
1221 6
3419 9
39 9
4380 9
1131 1
1575 6
4231 6
2334 14
3094 11
4885 5
1138 16
4394 5
7 15
2451 14
4759 14
3036 10
3868 17
1006 12
1352 15
514 11
1047 13
709 14
3313 14
3529 14
3799 14
3928 13
1819 14
956 10
4252 1
2837 2
3711 3
2828 16
1067 7
1644 14
1333 7
4174 12
4564 16
480 1
4291 16
505 18
1944 7
740 4
2109 18
230 8
2866 7
4719 1
4203 9
827 6
946 4
3283 14
1358 6
4089 5
2906 1
1598 11
4274 8
2586 17
251 3
4135 8
4648 9
4323 6
1998 5
3987 1
2930 11
2603 15
984 17
4106 10
644 9
3852 3
1537 16
511 18
606 2
2384 17
3031 8
2011 7
3717 9
779 4
4817 10
1043 13
3647 7
1722 6
1359 4
2681 11
2062 18
4170 1
2722 8
2372 8
2855 11
741 4
4122 13
1727 16
1934 11
3578 18
2081 17
1532 18
2182 10
2747 18
980 9
2674 12
2162 5
924 8
178 18
1696 16
3332 4
2253 2
570 18
726 10
2157 17
2719 10
2186 17
1160 6
195 17
3791 6
2918 12
4085 10
2481 5
1112 1
384 11
4835 11
4544 10
3671 10
2898 2
1674 6
1520 18
566 8
2606 6
3890 3
4236 6
3071 12
1138 14
4664 15
514 8
4019 5
2915 11
2734 14
4303 12
3085 9
4195 6
1697 14
1286 14
1585 6
4311 1
3950 2
1996 17
2197 15
4246 4
2480 17
1748 5
3478 1
2407 12
4884 1
4746 18
4144 18
1845 2
4862 7
3061 16
247 6
4387 4
577 13
650 14
1647 13
3626 2
3258 11
4702 4
4402 6
2826 13
611 2
2196 8
1009 12
2722 11
19 7
828 3
3044 11
4884 3
3699 13
3175 9
891 2
4073 8
4693 9
2052 17
4455 14
3707 3
588 16
103 7
4621 14
2674 9
3900 16
4536 7
434 3
549 16
1302 2
4261 13
3199 8
2693 17
3135 9
1398 11
1482 18
2728 3
4807 10
2119 8
2887 12
3663 11
2316 18
676 13
2724 9
4699 9
640 7
3126 12
409 5
4651 9
480 3
1032 5
3027 14
3177 14
952 5
33 9
1743 17
4212 11
2607 10
2779 14
727 2
3887 13
4748 3
685 2
4876 15
3494 3
1312 10
1538 2
3161 7
3335 6
3042 9
3052 14
3068 16
1199 16
2075 10
2341 11
476 5
2707 6
2206 10
2023 8
53 12
4874 2
3082 4
1356 6
4659 4
1387 14
3013 7
4115 12
1330 17
345 5
3576 17
2761 9
1115 13
293 1
264 10
3566 6
2465 8
1073 3
1305 14
4104 15
124 14
3582 3
985 9
2284 14
527 12
