54.7
-2
32.0

5059
-2924.11
-3992.38
3495.5
-7754.5
2160
-29504
1239.78
2828.67
-29771
-3033.75

-8233
-4013.25
-4582
-3955.25
-29852
-5397.5
-4297.33
696
1296.13
3677

825.833
1261.67
-1164.25
1313
-1162.13
-4813
-3712
6593
-1965.29
85.6667

10121.7
200.75
-510.222
-1609.0
3568.25
1820
-31793
-823.5
-1099.63
-5769.5

-1574
32429
-181.75
-9987.33
-3057
-12989
-26866
-2228
-1357.29
-665.167
2020.67

-4713
390
-96.2857
5326
3717.5
-12269
7973.25
-10910
-1461.71
3243.71

3439.89
-4647.33
1024.25
1723.5
-12176
1287.5
4205.43
3664.63
-13252
3858.14

-5242
1082
-1237
-6457
2758.43
1018.22
3904.6
6004.8
1700
2523.86
-4728.75
