9

3 1 2
32.0 54.7 -2

3 4 8 9 5 2 11 6 7 1 10
-3992.38 3495.5 1239.78 2828.67 -7754.5 -2924.11 -3033.75 2160 -29504 5059 -29771

9 6 2 5 8 4 1 3 7 10
1296.13 -5397.5 -4013.25 -29852 696 -3955.25 -8233 -4582 -4297.33 3677

10 8 3 7 2 5 6 1 9 4
85.6667 6593 -1164.25 -3712 1261.67 -1162.13 -4813 825.833 -1965.29 1313

2 9 7 3 4 8 5 1 10 6
200.75 -1099.63 -31793 -510.222 -1609.0 -823.5 3568.25 10121.7 -5769.5 1820

9 4 8 10 11 1 5 3 2 6 7
-1357.29 -9987.33 -2228 -665.167 2020.67 -1574 -3057 -181.75 32429 -12989 -26866

6 2 8 10 5 4 1 7 9 3
-12269 390 -10910 3243.71 3717.5 5326 -4713 7973.25 -1461.71 -96.2857

4 10 8 7 3 1 2 6 9 5
1723.5 3858.14 3664.63 4205.43 1024.25 3439.89 -4647.33 1287.5 -13252 -12176

6 8 2 3 5 9 10 1 4 7 11
1018.22 6004.8 1082 -1237 2758.43 1700 2523.86 -5242 -6457 3904.6 -4728.75
