54.7
-2
32.0

-3342
-10566
-2289.67
1276.5
-1930.11
5046.33
-4399
-2847.71
5600
4163.14

-10200.5
-490.333
6789
2800.17
-769.375
-7805.5
1555
9534
-3227
752.875
-3086.33

4263.57
5230.2
2216.4
-2818.75
-2081.14
-466
-2843
2471.2
3842.67
4354
4060.0

-605
-3547
-10894
-8329
4271
2282.13
19839
4944.5
3326.33
2339.5
15415

1135.38
-5134
-690.375
-3495
-3154.67
-4079.14
3452.56
-2225.38
3776.5
922.714
-6401.6

4324.8
-2313.67
6718.33
183.25
-1232.78
7631.5
-263
-2598.8
-842
5079.83

-10432.3
3117.89
1872.25
-4432.43
-2393.67
3456.88
3414
3004.5
28340
17935
533.5

743.333
-30210
5509.5
-2677.86
433.143
-349.333
-2125.5
-25502
-4938
-2021.5

1563.71
1842.89
6704.25
-2605.75
-8032.25
722.2
155.143
-26741
22852
3114.17
