10

3 1 2
32.0 54.7 -2

3 2 7 6 10 1 4 5 8 9
-2289.67 -10566 -4399 5046.33 4163.14 -3342 1276.5 -1930.11 -2847.71 5600

5 9 11 2 6 1 4 3 10 8 7
-769.375 -3227 -3086.33 -490.333 -7805.5 -10200.5 2800.17 6789 752.875 9534 1555

10 1 9 6 3 5 11 4 7 8 2
4354 4263.57 3842.67 -466 2216.4 -2081.14 4060.0 -2818.75 -2843 2471.2 5230.2

9 4 7 5 11 10 8 6 1 2 3
3326.33 -8329 19839 4271 15415 2339.5 4944.5 2282.13 -605 -3547 -10894

9 5 11 8 4 6 2 10 7 1 3
3776.5 -3154.67 -6401.6 -2225.38 -3495 -4079.14 -5134 922.714 3452.56 1135.38 -690.375

1 5 8 2 9 3 6 7 10 4
4324.8 -1232.78 -2598.8 -2313.67 -842 6718.33 7631.5 -263 5079.83 183.25

5 10 6 3 9 7 11 1 8 2 4
-2393.67 17935 3456.88 1872.25 28340 3414 533.5 -10432.3 3004.5 3117.89 -4432.43

7 10 4 6 8 3 1 2 5 9
-2125.5 -2021.5 -2677.86 -349.333 -25502 5509.5 743.333 -30210 433.143 -4938

8 1 2 6 9 7 10 4 5 3
-26741 1563.71 1842.89 722.2 22852 155.143 3114.17 -2605.75 -8032.25 6704.25
