19 20
11
12
13
14
15
16
17
18
21
22
97
98
99 100
999 1000
1099 1100
1101
1108
1109 1110
1111
1137
2099 2100
2275
4551
61727
740739 740740
8641974
98765431
2386092942
11336711671144667
111111111111111109 111111111111111110
19 20
11
12
13
14
15
16
17
18
21
22
97
98
99 100
999 1000
1099 1100
1101
1108
1109 1110
1111
1137
2099 2100
2275
4551
61727
740739 740740
8641974
98765431
2386092942
11336711671144667
111111111111111109 111111111111111110
