18
0 6
5 7
8 9
5 9
1 2
3 4
0 5
0 0
6 10
5 6
0 3
0 5
3 5
4 5
0 0
1 5
3 9
0 0
6 10
0 0
0 5
0 3
4 7
0 0
3 7
0 1
6 8
8 9
1 4
0 0
9 10
4 9
1 4
0 4
0 1
3 10
7 9
0 0
0 2
8 10
5 8
6 7
4 10
6 7
4 8
4 10
3 9
0 0
4 10
4 6
4 5
4 6
1 3
8 9
6 9
2 8
4 7
1 7
0 0
0 4
5 10
5 9
3 7
2 5
5 10
8 9
0 8
6 9
6 9
8 9
0 0
2 7
3 10
6 8
3 6
0 9
6 8
8 10
7 10
5 6
8 10
7 10
2 4
0 0
7 8
0 10
7 8
1 5
2 4
1 3
8 9
8 10
9 10
1 10
0 5
2 8
3 7
0 0
6 8
9 10
4 7
9 10
5 9
9 10
5 8
0 8
9 10
4 5
8 10
6 8
2 6
6 7
0 0
6 9
5 8
9 10
0 6
3 10
0 7
3 4
2 8
1 5
8 9
3 6
3 7
2 5
9 10
4 9
4 7
4 9
0 0
1 4
0 7
1 6
2 9
4 5
8 10
9 10
3 9
0 2
6 9
6 8
4 5
1 8
7 8
8 10
8 9
8 10
0 0
3 10
5 9
1 3
6 8
3 10
0 8
2 4
4 6
5 6
9 10
0 1
2 5
0 2
0 5
3 5
8 9
9 10
5 6
0 0
3 8
9 10
3 6
0 8
8 9
7 8
4 10
4 5
9 10
7 8
5 10
2 7
0 2
0 6
7 8
0 7
2 7
1 10
0 0
7 8
9 10
4 5
7 10
5 9
1 2
4 10
8 9
3 4
5 7
2 10
6 8
3 10
9 10
1 2
6 9
2 3
9 10
0 0
