4 1
2
3
5
1
5
5 2
1
3
3
3
1
2
3
6 7
1
2
4
5
8
7
11
4
3
5
9
7
10
10 6
10
8
20
10
4
5
9
9
9
9
8
4
5
9
10
20
56 51
20
9
5
17
13
7
11
3
4
7
20
19
20
6
3
3
14
4
13
20
13
4
20
11
19
4
18
17
7
5
18
3
1
1
14
2
11
11
13
15
1
12
3
2
15
20
18
20
17
2
12
14
15
3
15
1
7
19
8
6
20
2
7
15
12
11
17
7
12
3
3
8
1
4
18
15
15
18
19
20
18
2
5
13
1
1
13
15
18
11
6
14
9
8
13
17
17
15
14
8
8
5
20
3
10
4
13
85 34
17
6
15
13
11
17
15
6
10
11
8
18
2
13
4
8
3
6
15
20
8
3
18
11
7
1
7
19
17
9
17
18
2
18
18
2
3
20
14
5
17
1
13
10
1
8
16
16
19
19
4
1
3
9
8
1
11
5
4
12
1
2
14
1
15
15
3
1
4
1
13
20
16
10
4
6
12
16
11
16
7
19
16
12
20
7
15
14
17
13
7
17
16
7
17
6
20
3
20
6
19
12
1
18
1
19
4
2
7
5
4
10
12
16
20
9
11
15
17
0 0