952
5720 2232
4220 1500 732
3150 1070 430 302
2347 803 267 163 139
1717 630 173 94 69 70
1198 519 111 62 32 37 33
744 454 65 46 16 16 21 12
321 423 31 34 12 4 12 9 3
45509
18999 26510
8779 10220 16290
4744 4035 6185 10105
2694 2050 1985 4200 5905
1368 1326 724 1261 2939 2966
555 813 513 211 1050 1889 1077
154 401 412 101 110 940 949 128
98 56 345 67 34 76 864 85 43
68283
41925 26358
27976 13949 12409
20372 7604 6345 6064
15507 4865 2739 3606 2458
11558 3949 916 1823 1783 675
7863 3695 254 662 1161 622 53
4331 3532 163 91 571 590 32 21
875 3456 76 87 4 567 23 9 12
21138
11385 9753
6394 4991 4762
3837 2557 2434 2328
2462 1375 1182 1252 1076
1633 829 546 636 616 460
1044 589 240 306 330 286 174
554 490 99 141 165 165 121 53
98 456 34 65 76 89 76 45 8
3840
1984 1856
1024 960 896
528 496 464 432
272 256 240 224 208
140 132 124 116 108 100
72 68 64 60 56 52 48
37 35 33 31 29 27 25 23
19 18 17 16 15 14 13 12 11
2707
1169 1538
495 674 864
205 290 384 480
83 122 168 216 264
33 50 72 96 120 144
13 20 30 42 54 66 78
5 8 12 18 24 30 36 42
2 3 5 7 11 13 17 19 23
1597
610 987
233 377 610
89 144 233 377
34 55 89 144 233
13 21 34 55 89 144
5 8 13 21 34 55 89
2 3 5 8 13 21 34 55
1 1 2 3 5 8 13 21 34
