40
1 2 1 2 1
2 3 4 1 2 5 10 50 3 50
3 5 2 7 1 7 5 2 8 9 1 25 15 8 3 1 38 45 8 1
1 1 1 1 1 1 1 1 1 1 1 1 1 1 1 1 1 1 1 1
2 2 2 2 2 2 2 2 2 2 2 2 2 2 2 2 2 2 2
1 1
2
1 1 2 2 3 3 4 4 5 5 6 6 7 7 8 8 9 9 10 10
1 1 2 2 3 3 4 4 5 5 6 6 7 7 8 8 9 9 10
1 2 3 5 7 11 13 17 23
1 2 3 5 7 11 13 17 23 29
1 2 3 5 7 11 13 17 23 29 31
1 2 3 5 7 11 13 17 23 29 31 37
10 20 30 40 50 50
1 15 25 35 45 55
7 7 3 6 10 1 10 3 10 3 2 9 7 5 1 10 5 3 10
4 4 9 6 6 7 6
4 9 4 8 4 5 10 5 9 2 7 10 10 5 7 2 7 1 4
5 7 4 1 7 4 5 7
5 2 9 9 2 9 3 4 3 4 9 6 4 1 2 2 3
5 8 2 1 4 2 8
6 4 5 10 5 3 10 9 3 5 2 5 8 10
2 4 5
10
9 6 1 7 3 3 4 6 1 9 6 6 3 5 10 1 6 8 2 8
9 1 10 5 8 10 4 8 7 4 3 8 10 5 2 5 2
7 10 7 4 2 7 1 1 1 8
9 5
2 3 8
2 1 9 1 7 10 6 9 4 10 7 6 7
5 3 9 7 10 4 7 10 10
2 10
1 1 3 9 3 9 1 8 9 4
1 6 9 1 10 3 10 7 5 5 5 4 6 4 8 7 5 7
9 1 4 3 1 4 1
1 2 3 4 5 6 7 8 9 10 11 12 13 91
1 1 2 3 4 5 6 7 8 9 10 11 12 13 90
1 2 3 4 5 6 7 8 9 10 11 12 13 42 49
1 2 3 4 5 6 7 8 9 10 11 12 13 93
200 200 200 200 200 200 200 200 200
