40
1 2 1 2 1
2 3 4 1 2 5 10 50 3 50
3 5 2 7 1 7 5 2 8 9 1 25 15 8 3 1 38 45 8 1
1 2 3 4 5 6 7 8 9 10
2 3 4 5 6 7 8 9 10
99
8 6 8 10 10 10 9 9 5 1 1 4 7 5 10 7
5 7 9 10 4 6 1 4
7 1 8 6 8 7 6 8 7 6 8 1 7 10 5 5 4 4 1
7 5 1 9 1 8 9 4 8 1 1 10
8 6 3 7 4 9 4 5
135 135
1 1 1 1 1 1 1 1
1 50 50 100 199 200
3 57 89 10 31 4 1 4 1
44 22 58 31 7 37 1
99 32 8 49 9 2 1
35 40 23 1 1
66 55 13 5 47 11 2 1
50 53 36 56 3 1
10 19 2 8
14 9 2 18 16 12
10 12 16 4 19 20
10 17 18
2 4 5 8 1
5 17 20 4 18 19 19 4 7 12
14
8 3 19 15 19 9
3 19 10 20
3 16 10 2 8
6
2 9 2 20
5 6 11 17 20 6 4
16 18 4 4
6 14 12
1 1 1 2 2 2 2 3 3 3 4 4 5 6 6 6 7
1 2 3 4 5 6 7 8 9 10 11 12 13 14 15 16 17 18 19 20
1 2 3 4 5 6 7 8 9 10 11 12 13 14 15 16 17 18 19 111
3 3 3 3 36 3 3 3 3 3 3 3
200 200 200 200 200 200 200 200 200 200
