0 1 0 0 0 0 0 0 0 0
0 1 1 0 0 0 0 0 0 0
0 1 1 1 1 1 0 0 0 0
0 1 1 1 1 1 1 0 0 0
0 1 1 1 1 1 1 1 1 1
1 2 1 1 1 1 1 1 1 1
3 14 13 5 3 3 3 3 3 3
5 16 16 16 16 16 6 6 6 6
7 17 17 17 17 17 17 8 7 7
9 20 20 20 20 20 20 20 20 18
11 21 20 20 20 20 20 20 20 20
66 177 177 143 77 77 72 66 66 66
105 216 216 216 216 172 106 106 105 105
162 273 268 263 263 262 262 262 187 162
189 300 300 300 300 300 300 300 300 300
194 303 300 300 300 300 300 300 300 300
1089 2200 2200 2196 1200 1200 1199 1199 1199 1191
1336 2441 2441 2441 2147 1441 1440 1346 1340 1340
2124 3181 3135 3135 3131 3125 3124 2270 2124 2124
2889 4000 4000 4000 4000 4000 4000 4000 4000 4000
