12 5
25
10
40
31
16
37
22
43
13
28
19
34
45 17
136
204
272
120
188
256
104
172
240
156
224
140
208
276
124
192
260
108
176
244
160
228
144
212
128
196
264
112
180
248
164
232
148
216
132
200
268
116
184
252
100
168
236
152
220
120 19
437
285
171
152
190
418
456
495
381
229
115
134
362
400
439
325
173
306
344
383
269
117
250
288
516
479
327
213
194
232
460
498
423
271
157
138
176
404
442
481
367
215
120
348
386
425
311
159
292
330
521
369
255
103
236
274
502
465
313
199
180
218
446
484
409
257
143
124
162
390
428
467
353
201
106
334
372
411
297
145
278
316
507
355
241
222
260
488
451
299
185
166
204
432
470
509
395
243
129
110
148
376
414
453
339
187
320
358
397
283
131
264
302
493
341
227
208
246
474
512
201 37
-73
-36
-35
-72
-71
-34
-33
-70
-69
-32
-31
-68
-67
-30
-29
-66
-65
-28
-27
-64
-63
-100
-26
-25
-99
-62
-61
-98
-24
-23
-97
-60
-59
-96
-22
-21
-95
-58
-57
-94
-20
-19
-93
-56
-55
-92
-18
-17
-91
-54
-53
-90
-16
-15
-89
-52
-51
-88
-14
-13
-87
-50
-49
-86
-12
-11
-85
-48
-47
-84
-10
-9
-83
-46
-45
-82
-8
-7
-81
-44
-43
-80
-6
-5
-79
-42
-41
-78
-4
-3
-77
-40
-39
-76
-2
-1
-75
-38
37
-37
-74
0
74
75
1
38
39
2
76
77
3
40
41
4
78
79
5
42
43
6
80
81
7
44
45
8
82
83
9
46
47
10
84
85
11
48
49
12
86
87
13
50
51
14
88
89
15
52
53
16
90
91
17
54
55
18
92
93
19
56
57
20
94
95
21
58
59
22
96
97
23
60
61
24
98
99
25
62
63
26
100
27
64
65
28
29
66
67
30
31
68
69
32
33
70
71
34
35
72
73
36
50 23
23
47
47
24
70
71
25
25
3
4
4
28
28
75
52
53
7
76
77
54
54
55
55
32
78
56
57
58
13
83
83
14
61
15
15
15
85
39
63
40
41
18
64
65
88
43
20
66
91
45
100 55
221
333
58
58
278
278
59
334
115
170
170
280
390
171
171
116
173
229
175
120
230
341
231
66
67
342
398
179
69
234
235
235
235
125
400
400
401
71
346
346
72
129
241
187
77
22
353
243
23
24
355
135
80
247
303
249
194
415
415
30
30
306
87
362
362
363
253
143
308
144
201
146
257
37
203
258
204
314
317
98
209
266
47
322
159
159
214
215
160
160
380
326
162
272
273
329
329
219
109
54
230 67
-61
-57
-57
-55
-52
-47
-46
-39
-35
-34
-32
-97
-30
-96
-93
-26
-25
-92
-88
-19
-19
-85
-84
-16
-82
-14
-14
-78
-76
-73
-6
-5
-70
469
0
134
268
268
1
337
337
203
2
404
539
405
405
271
204
472
473
205
71
138
406
273
5
340
207
73
6
6
140
542
542
409
409
74
410
410
545
545
478
478
345
211
546
413
145
11
11
78
212
481
146
414
147
13
348
482
215
148
282
217
83
150
218
352
486
353
152
155
222
223
290
290
290
291
24
159
159
92
361
227
93
160
94
229
95
162
162
564
29
29
499
365
231
30
567
433
433
31
232
366
501
233
32
100
368
503
101
436
436
437
371
572
572
37
38
575
39
240
508
509
509
241
174
442
577
175
41
243
243
176
310
444
445
445
43
110
44
447
45
112
515
381
448
182
316
316
183
49
116
117
453
185
252
520
387
186
320
588
455
120
388
388
388
522
591
524
525
324
593
191
191
526
526
595
461
528
328
128
531
196
598
598
598
465
63
398
399
399
64
198
466
467
199
65
534
334
350 87
-347
-259
-345
-345
-84
-170
-343
-255
-255
-342
-168
-341
-166
-165
-252
-338
-163
-337
-250
-76
-249
-162
-73
-247
-246
-245
-158
-331
-243
-330
-156
-329
-329
-329
-68
-241
-328
-328
-327
-66
-66
-66
-65
-324
-149
-235
-235
-235
-322
-321
-321
-234
-60
-59
-233
-58
-58
-318
-318
-143
-317
-141
-228
-54
-53
-314
-139
-225
-312
-312
-137
-137
-311
-311
-310
-309
-309
-396
-222
-47
-47
-395
-308
-308
-134
-133
-133
-394
-394
-220
-46
-45
-393
-131
-305
-218
-303
-389
-302
-213
-213
-300
-300
-37
-211
-385
-385
-384
-210
-296
-122
-122
-382
-120
-293
-206
-32
-379
-117
-378
-29
-116
-115
-376
-376
-27
-375
-375
-113
-200
-200
-373
-111
-372
-24
-23
-197
-371
-371
-284
-110
-283
-369
-108
-194
-194
-194
-19
-367
-106
-105
-17
-365
-103
-364
-190
-16
-15
-189
-102
-101
-101
-188
-187
-99
-273
-360
-186
-186
-359
-272
-98
-271
-184
-183
-96
-8
-8
-181
-268
-6
-5
-353
-353
-353
-266
-92
-265
-178
-3
-3
-177
-89
-89
-350
-2
-2
-1
-175
-262
-88
87
-261
-174
174
262
262
263
2
3
90
90
178
266
93
269
270
185
98
99
187
100
274
101
14
188
189
15
276
16
16
16
190
191
105
192
192
280
107
195
195
283
109
109
110
110
285
199
25
287
287
115
115
202
202
291
117
204
292
293
32
206
121
209
209
298
299
299
125
38
300
40
128
129
129
217
217
130
44
218
218
45
221
221
47
47
134
135
48
48
222
223
50
224
138
139
53
140
229
55
142
142
230
145
147
60
236
237
237
64
238
240
241
67
154
68
68
70
244
71
158
158
159
246
160
161
248
248
75
75
163
251
165
252
79
255
81
82
256
257
257
84
258
258
258
259
85
85
260
260
603 109
981
545
327
109
109
218
218
654
872
872
872
873
655
437
764
982
547
329
329
111
438
438
656
656
874
875
875
875
657
330
766
984
985
985
767
767
767
767
331
876
441
223
114
768
987
551
115
660
660
879
443
552
770
989
989
771
553
117
226
444
444
444
444
444
445
336
772
772
773
119
10
446
446
447
229
338
992
992
993
993
666
884
231
13
776
777
777
341
14
232
450
668
668
669
233
560
778
778
996
996
997
997
779
561
561
125
452
452
452
670
888
671
235
344
998
999
563
345
127
18
18
454
891
891
237
19
564
782
783
783
129
238
893
675
675
457
567
349
131
22
22
676
895
132
568
569
242
897
679
25
25
134
571
26
463
463
463
245
27
136
573
137
464
464
682
465
247
247
138
574
574
792
793
466
902
902
903
249
31
358
358
794
795
795
795
795
359
468
686
686
904
33
797
34
252
470
906
689
471
253
35
144
362
580
580
580
580
581
363
690
908
908
908
909
909
146
582
801
801
38
256
256
692
692
910
911
693
475
39
366
366
803
803
367
367
258
258
694
150
368
805
587
587
369
260
478
696
914
915
43
43
43
588
153
44
698
916
917
699
699
481
481
481
263
263
372
372
809
809
155
46
482
700
700
919
483
265
265
47
810
484
484
920
921
921
485
485
49
49
158
158
158
595
377
486
486
922
705
487
487
269
160
596
596
379
161
925
271
271
53
53
162
380
163
272
927
927
927
491
491
491
491
273
382
819
165
492
710
928
929
493
275
602
602
821
603
385
494
712
931
277
277
277
168
604
714
61
170
170
607
389
62
717
499
827
827
609
64
282
282
500
718
936
283
283
65
174
174
392
392
828
611
175
394
394
830
395
395
177
940
505
505
505
287
287
287
287
287
178
396
397
70
70
942
942
398
617
726
945
945
727
509
182
182
836
837
837
619
401
74
74
74
292
728
947
511
511
184
402
620
838
621
948
948
948
731
295
186
404
404
404
840
841
841
405
514
514
950
951
515
79
188
624
842
625
625
625
625
625
407
407
80
298
734
81
627
82
300
737
737
301
301
192
628
628
629
629
193
84
738
738
739
521
303
85
194
849
631
413
86
741
523
305
196
850
851
306
524
960
743
743
525
852
417
90
308
308
526
744
744
962
962
962
527
418
636
636
855
637
419
201
310
310
964
964
93
93
420
856
856
857
421
94
312
312
530
748
966
966
95
204
640
641
96
314
750
968
969
315
424
642
643
643
207
98
98
316
534
317
99
99
208
863
863
863
209
318
754
754
647
429
538
756
757
757
539
539
321
103
648
866
104
758
759
541
541
541
541
105
432
432
432
650
868
651
106
106
324
978
978
978
979
761
543
107
107
216
870
871
108
326
326
980
1000 203
-608
-607
-404
-606
-200
-604
-198
-198
-198
-806
-400
-399
-399
-602
-804
-804
-600
-193
-801
-192
-394
-394
-799
-595
-595
-391
-797
-187
-187
-389
-795
-592
-185
-591
-591
-590
-183
-792
-386
-386
-588
-181
-587
-383
-383
-789
-586
-180
-382
-583
-786
-785
-582
-581
-581
-581
-377
-174
-174
-577
-780
-779
-170
-778
-574
-168
-168
-167
-167
-573
-370
-775
-165
-571
-571
-367
-367
-773
-773
-162
-770
-363
-769
-769
-566
-566
-160
-565
-768
-767
-158
-157
-765
-765
-155
-357
-154
-154
-154
-153
-153
-559
-355
-761
-558
-151
-760
-150
-555
-758
-352
-351
-554
-148
-148
-553
-755
-552
-145
-145
-145
-551
-551
-347
-347
-753
-753
-753
-550
-550
-143
-549
-346
-142
-142
-547
-140
-545
-341
-340
-542
-135
-541
-133
-742
-538
-538
-538
-132
-537
-334
-739
-130
-129
-738
-738
-738
-331
-128
-128
-127
-533
-330
-329
-126
-126
-125
-531
-531
-328
-328
-327
-733
-733
-732
-732
-326
-325
-731
-122
-122
-121
-527
-730
-119
-728
-727
-524
-118
-726
-725
-522
-521
-521
-318
-318
-114
-113
-113
-519
-519
-722
-518
-109
-515
-311
-311
-514
-716
-715
-106
-105
-105
-105
-714
-308
-510
-104
-712
-712
-305
-711
-101
-101
-507
-710
-709
-505
-708
-707
-504
-97
-706
-299
-502
-95
-501
-298
-703
-500
-93
-93
-499
-498
-498
-497
-497
-497
-699
-89
-495
-698
-291
-697
-494
-494
-88
-88
-87
-87
-899
-289
-86
-491
-897
-288
-288
-287
-287
-896
-84
-83
-489
-489
-285
-488
-488
-690
-486
-79
-485
-485
-890
-890
-78
-77
-889
-686
-279
-279
-76
-481
-887
-887
-684
-277
-479
-479
-479
-885
-681
-883
-883
-680
-274
-274
-678
-272
-676
-675
-472
-65
-470
-470
-64
-63
-469
-469
-875
-61
-669
-60
-667
-870
-870
-57
-462
-462
-55
-461
-461
-258
-258
-257
-866
-459
-864
-51
-253
-862
-456
-456
-50
-658
-252
-252
-657
-657
-48
-47
-47
-859
-656
-250
-452
-857
-857
-856
-856
-856
-43
-449
-449
-652
-652
-652
-651
-447
-447
-39
-851
-648
-648
-444
-37
-848
-848
-442
-847
-847
-644
-238
-643
-643
-34
-235
-640
-640
-233
-233
-842
-435
-232
-28
-27
-433
-839
-230
-26
-633
-836
-430
-24
-632
-225
-225
-631
-21
-427
-223
-223
-19
-831
-627
-627
-18
-17
-626
-220
-625
-625
-15
-827
-624
-218
-419
-825
-215
-621
-11
-417
-417
-620
-822
-416
-10
-618
-212
-211
-820
-8
-616
-616
-615
-615
-614
-208
-207
-207
-613
-3
-409
-612
-612
-205
-814
1015
812
610
205
1018
613
4
410
5
208
615
615
209
6
819
7
616
820
212
619
619
213
416
416
823
823
214
621
824
419
13
13
622
420
421
15
15
218
1031
625
625
828
828
17
626
1032
1033
1033
627
424
830
223
833
427
428
632
1039
430
430
430
837
25
228
228
1040
229
229
839
636
636
1043
231
28
434
840
233
30
842
843
843
437
1046
1047
32
32
438
642
1049
643
34
440
238
238
442
442
37
240
240
38
39
39
1054
852
852
447
41
1056
1056
1057
448
855
855
43
246
1058
653
248
248
248
1061
1061
1061
1061
249
859
453
656
1062
1062
657
48
860
455
49
658
1065
1065
659
50
456
862
863
1067
255
255
255
52
52
460
867
55
55
258
665
869
1072
667
261
58
464
871
262
1075
1075
263
61
61
670
1076
1077
265
62
62
468
468
874
874
469
469
469
266
672
672
672
673
65
675
269
472
472
878
879
473
473
270
270
676
1083
677
68
475
69
69
272
272
272
1084
273
476
476
882
882
883
274
681
72
72
478
884
885
73
1088
1088
1088
683
683
277
74
74
480
481
75
685
76
76
280
687
281
78
891
485
79
1094
283
486
892
487
81
1096
691
285
82
488
488
83
286
286
1098
1099
1099
84
84
896
897
86
492
898
899
87
87
290
290
698
698
699
699
293
903
903
497
701
92
296
703
94
95
704
96
908
909
97
706
910
911
709
709
100
506
913
101
304
710
305
102
509
509
509
104
105
714
715
106
106
918
513
718
718
719
516
923
111
518
518
518
925
722
520
520
926
926
318
319
929
523
726
727
321
930
119
119
729
526
526
932
324
324
730
528
935
123
530
734
735
939
533
533
533
127
127
127
330
331
738
130
536
536
942
132
538
539
539
743
743
946
744
948
543
746
746
746
951
545
545
139
342
343
343
546
345
548
954
549
143
144
144
550
551
754
755
146
958
959
147
756
756
351
554
961
352
353
150
962
963
354
355
965
357
357
560
966
967
967
155
764
156
968
969
563
563
563
157
767
970
970
768
769
363
973
365
974
974
163
163
163
366
772
367
164
570
976
166
572
167
776
776
776
168
980
575
169
778
779
170
576
982
577
781
375
172
172
578
578
173
377
377
986
987
581
378
784
784
785
379
176
582
583
583
381
381
990
585
179
382
788
180
586
993
587
384
384
385
995
386
792
590
997
591
591
795
389
389
999
797
1000
595
799
596
1002
395
192
598
598
1004
599
599
803
194
194
398
399
399
196
1009
603
197
604
605
402
1012
1012
607
404
811
202
0 0
