12 5
10
13
16
19
22
25
28
31
34
37
40
43
45 17
100
104
108
112
116
120
124
128
132
136
140
144
148
152
156
160
164
168
172
176
180
184
188
192
196
200
204
208
212
216
220
224
228
232
236
240
244
248
252
256
260
264
268
272
276
120 19
103
106
110
115
117
120
124
129
131
134
138
143
145
148
152
157
159
162
166
171
173
176
180
185
187
190
194
199
201
204
208
213
215
218
222
227
229
232
236
241
243
246
250
255
257
260
264
269
271
274
278
283
285
288
292
297
299
302
306
311
313
316
320
325
327
330
334
339
341
344
348
353
355
358
362
367
369
372
376
381
383
386
390
395
397
400
404
409
411
414
418
423
425
428
432
437
439
442
446
451
453
456
460
465
467
470
474
479
481
484
488
493
495
498
502
507
509
512
516
521
201 37
-100
-99
-98
-97
-96
-95
-94
-93
-92
-91
-90
-89
-88
-87
-86
-85
-84
-83
-82
-81
-80
-79
-78
-77
-76
-75
-74
-73
-72
-71
-70
-69
-68
-67
-66
-65
-64
-63
-62
-61
-60
-59
-58
-57
-56
-55
-54
-53
-52
-51
-50
-49
-48
-47
-46
-45
-44
-43
-42
-41
-40
-39
-38
-37
-36
-35
-34
-33
-32
-31
-30
-29
-28
-27
-26
-25
-24
-23
-22
-21
-20
-19
-18
-17
-16
-15
-14
-13
-12
-11
-10
-9
-8
-7
-6
-5
-4
-3
-2
-1
0
1
2
3
4
5
6
7
8
9
10
11
12
13
14
15
16
17
18
19
20
21
22
23
24
25
26
27
28
29
30
31
32
33
34
35
36
37
38
39
40
41
42
43
44
45
46
47
48
49
50
51
52
53
54
55
56
57
58
59
60
61
62
63
64
65
66
67
68
69
70
71
72
73
74
75
76
77
78
79
80
81
82
83
84
85
86
87
88
89
90
91
92
93
94
95
96
97
98
99
100
50 23
85
55
83
28
54
65
13
64
53
56
61
15
18
32
83
15
52
47
91
4
47
45
71
66
78
7
4
28
70
55
75
88
25
3
63
24
20
54
57
41
76
39
77
25
43
58
40
15
14
23
100 55
135
143
241
58
214
125
342
258
22
390
160
322
159
401
159
230
59
30
400
362
171
415
47
362
54
329
346
234
355
235
120
23
346
175
249
173
278
334
303
235
253
329
398
308
243
229
160
215
235
247
77
273
144
272
201
353
67
314
221
317
326
116
170
179
24
363
204
98
194
266
380
170
146
306
280
257
341
333
87
72
219
400
71
109
69
415
58
66
162
278
129
30
187
37
231
115
203
171
209
80
230 67
64
176
117
436
366
243
116
162
564
-70
472
150
147
387
273
348
233
145
595
183
-88
49
-34
232
-16
410
481
268
515
-19
-39
112
110
598
-52
43
-82
466
215
534
217
381
101
203
-93
437
345
222
508
175
-25
388
467
-14
198
368
591
94
324
252
469
11
290
-57
337
74
542
433
509
11
243
128
448
152
531
-92
406
328
63
509
353
159
134
-5
39
433
78
291
93
414
528
100
271
525
218
268
337
148
388
240
-55
478
526
-14
598
182
399
45
365
231
539
334
310
185
520
453
-19
191
159
409
29
41
577
320
65
316
-76
-6
205
191
593
-78
455
140
138
410
-57
204
-96
546
388
227
361
223
160
572
442
352
465
371
436
526
212
31
120
-35
83
447
473
398
542
32
501
445
155
545
567
6
-73
405
-61
588
30
0
229
-30
186
524
71
-26
-85
290
482
146
-46
405
196
37
340
95
-32
486
-84
522
413
399
445
44
-97
444
1
598
290
29
73
409
24
162
478
6
575
545
211
572
316
5
207
503
174
-47
241
404
461
499
199
38
92
282
13
2
350 87
60
-174
-218
50
-89
-186
-225
-309
-134
-310
190
142
147
139
48
48
-66
-328
291
-312
-16
82
-321
-371
-88
-359
99
-353
130
280
134
-181
-115
87
159
258
178
68
257
85
-311
-24
15
-393
142
-17
-189
-241
244
145
-206
-183
-116
-162
192
-102
298
252
-273
-194
-353
-376
101
270
47
259
222
-262
-371
129
255
-92
75
-293
-15
-394
44
217
-228
16
-133
-175
-389
202
-170
-177
-120
248
-266
-331
-235
-305
224
262
230
-261
217
-58
-133
165
-234
191
-143
-84
79
-197
64
-2
-66
260
287
-60
-166
45
3
-186
68
47
125
187
16
258
163
121
-163
-342
-347
-249
-317
100
-108
-396
-283
-311
-194
-364
38
-252
-245
-300
14
-178
-300
90
185
-265
70
-255
140
-324
-103
266
-111
-243
110
-188
256
292
258
-98
-23
-3
195
-322
40
-122
-200
-360
299
-6
32
-213
-309
-46
75
-29
-255
25
248
-384
53
221
-382
-190
-96
-68
262
-210
-385
-8
84
-1
-156
129
218
-200
285
-272
-247
-27
218
257
269
-308
-110
160
-373
223
241
209
209
-365
204
-58
98
283
189
-19
246
128
105
202
-376
287
-165
-8
-137
274
-233
158
-66
-113
299
-47
-89
135
-395
-375
161
-139
-47
117
260
-235
188
-117
229
-312
-343
-329
-372
-303
-250
-318
158
85
251
-122
-158
195
-105
236
-2
-59
-341
-137
174
-337
-213
-385
-235
-222
-330
240
-318
-101
293
-65
-3
-259
-141
-302
138
-345
199
-328
-314
154
2
-353
237
-53
-32
110
-45
300
-211
-367
109
81
-284
115
115
-99
-378
-194
55
-184
-296
109
-131
-73
-5
-375
-187
-350
-369
-268
192
-106
-321
-308
-338
107
-246
-220
-101
71
93
276
238
16
237
221
-394
-329
-76
-329
-37
-379
263
90
-168
206
-327
-54
-271
-345
-149
67
603 109
872
997
668
424
260
624
98
263
910
232
897
936
700
904
596
927
395
640
358
397
779
759
329
524
772
80
539
421
106
301
690
696
444
693
125
321
675
875
491
625
778
53
62
629
856
738
915
271
840
761
98
324
942
275
174
295
505
492
744
628
484
909
314
621
305
481
782
620
641
106
757
728
670
90
389
908
499
552
134
366
849
22
902
209
891
380
692
316
402
336
194
86
580
643
992
909
382
362
919
521
61
160
292
478
144
158
33
651
888
602
432
686
776
996
777
168
836
809
287
795
306
657
282
129
625
466
396
794
966
921
444
70
349
44
567
982
809
452
363
482
931
481
25
819
654
99
345
876
420
830
329
767
526
803
668
962
377
93
256
312
541
150
404
863
463
778
675
879
487
756
515
186
344
317
96
655
287
960
282
93
989
146
999
158
551
993
464
471
308
457
22
201
629
581
405
491
372
249
795
895
136
444
568
996
452
666
636
394
47
64
18
193
838
74
394
694
929
741
117
463
417
547
226
218
53
277
493
170
170
731
109
978
985
258
247
940
127
927
643
637
871
216
218
245
468
484
470
541
204
238
710
233
625
277
312
525
481
945
964
84
165
182
475
486
177
628
906
873
837
539
700
18
699
841
902
263
398
582
308
253
454
948
407
315
283
682
413
404
85
619
671
875
987
647
872
969
272
485
783
717
107
155
884
545
611
754
650
27
574
505
669
491
561
158
981
617
443
754
856
726
79
82
891
369
19
447
81
418
928
229
39
656
541
174
485
768
866
438
367
65
766
419
331
438
767
587
587
903
893
511
580
300
758
407
175
908
114
705
739
992
692
837
863
38
993
132
367
43
14
855
310
573
372
527
842
184
392
483
793
997
951
99
795
509
609
465
487
734
182
604
432
13
750
797
46
748
446
689
803
404
437
574
385
712
196
74
875
318
908
553
444
188
743
494
237
772
366
505
273
625
445
444
801
252
978
265
857
764
870
561
178
35
34
625
450
395
74
223
783
942
989
103
109
595
916
31
805
911
737
359
500
523
947
463
119
827
627
569
676
603
792
277
737
298
636
441
208
94
258
287
25
984
564
998
310
338
850
841
138
162
718
341
301
927
269
43
714
966
111
49
491
543
446
602
660
980
287
326
596
432
727
801
828
962
330
534
326
962
541
43
920
744
464
256
242
115
777
379
950
105
10
104
743
821
580
153
107
985
265
868
917
511
192
852
368
514
656
642
767
207
699
925
686
327
303
486
538
287
401
921
874
358
979
131
235
247
679
851
26
810
738
163
914
283
757
945
767
771
698
863
514
231
571
770
827
948
631
108
560
137
660
161
429
588
872
607
95
563
49
392
271
964
452
948
773
648
580
530
978
795
968
922
70
1000 203
240
39
-193
691
-274
-43
-627
-848
277
-39
469
-489
273
-370
-168
-26
-690
-652
-504
518
-728
-127
-773
72
-126
974
910
898
-581
-47
428
-859
942
119
-433
657
58
229
582
-341
513
286
1032
-547
-716
743
583
-257
-449
41
1096
837
769
903
163
776
-305
-447
918
-726
218
424
318
756
-3
-76
105
738
75
274
1062
578
-87
993
830
536
488
1039
-889
-122
-394
255
-586
-678
965
687
-11
-792
828
87
-459
202
460
-732
-554
997
-890
229
52
926
-469
869
980
-707
212
603
192
-495
1075
367
223
147
-870
-18
665
127
683
-592
-887
-591
-497
999
932
812
330
427
473
-559
351
-220
-167
-626
-143
839
681
37
-326
676
-298
30
-545
-769
-632
863
-157
-514
-518
939
730
-93
281
265
321
683
106
-377
925
-571
-831
-97
625
823
896
-839
-299
-34
381
-416
-765
-28
967
-519
946
487
170
-351
1065
-233
-640
-233
-404
1072
410
442
715
1033
32
548
860
-308
710
-185
-331
343
-288
-633
926
82
935
-279
823
755
-612
-615
-842
878
-644
-558
948
-207
516
-614
520
447
599
-84
-285
-550
238
-502
430
-714
911
386
49
828
546
-608
-154
909
-625
-155
270
792
-148
967
610
734
598
-279
476
803
-274
-804
-346
-537
1046
-795
419
-698
-725
-223
-851
-899
-235
599
399
-498
381
-595
756
-715
-625
-866
704
-180
-192
378
270
269
673
-722
233
6
485
1061
670
-399
127
143
-15
228
-48
-382
976
-857
-864
286
486
324
-470
197
-367
-60
13
843
389
615
-577
698
625
820
-699
-551
867
882
-383
238
-616
533
859
-126
-521
-162
100
180
-145
76
1062
1056
-627
-8
560
-207
-797
416
-527
468
-651
-847
962
-64
1077
74
73
883
626
111
-565
-786
365
-485
-334
84
492
-758
-656
319
-590
-618
-542
596
958
240
296
72
-125
-318
884
658
-488
146
-591
258
1009
-391
-10
-461
590
-588
811
-130
627
155
843
-225
-552
-479
331
-181
785
-804
874
-862
272
469
585
-318
-727
-479
13
764
871
577
-461
1067
-515
583
-77
-78
672
475
104
1012
-61
-51
95
-742
675
795
430
-607
-732
5
39
-541
-357
-113
604
-105
-531
-857
-731
523
248
-600
385
384
-447
-419
-311
-154
-386
954
699
-86
-555
-488
69
622
-507
384
-128
-88
899
-582
1088
-355
231
-330
-519
144
-712
-198
468
677
533
605
-462
699
-522
-765
208
-327
530
778
539
472
578
581
-250
34
-106
-121
842
-55
-602
163
-738
1099
28
497
903
-140
-768
179
-703
52
-252
-151
79
659
-494
833
-657
1075
-174
-621
1057
-187
448
476
-470
974
398
74
-684
987
469
-680
-24
-238
-606
249
-417
1099
255
538
389
-753
-785
595
879
-160
-738
-449
62
266
280
157
709
-775
-615
-827
744
698
-875
799
1061
-538
1033
1088
55
892
-479
-154
488
382
-709
1031
-521
-289
-148
-491
-165
283
-573
-620
743
-456
-37
-753
-258
156
-604
1000
-168
-225
563
-145
102
-510
456
324
194
1056
897
176
-389
852
-738
929
480
-101
-587
293
1098
-581
-409
970
703
-252
-686
-174
-571
518
776
636
643
852
-272
-223
718
-648
-676
-531
-733
598
379
399
-497
-347
-769
-142
-57
-885
481
1084
613
-856
-205
551
-399
-505
375
735
65
-848
-801
-581
-799
354
772
607
518
255
667
545
15
-825
421
106
205
554
-218
-208
1061
-328
-760
290
-652
-21
-400
1012
-733
248
-287
619
-566
290
1088
-501
-135
15
-856
-113
1061
-897
-497
-232
-640
-710
776
-533
781
-215
-822
132
434
729
706
591
526
-325
709
824
173
-753
-200
97
-118
-142
83
453
-524
-347
-574
-870
4
961
526
172
94
455
797
-456
86
509
437
-442
69
-778
727
-133
-836
144
345
-883
968
-187
404
520
7
1018
272
672
442
92
-500
-648
-277
587
-814
-93
416
263
-566
746
-767
43
718
-291
615
167
-17
-499
533
995
-122
-167
172
272
-643
-489
969
17
959
438
882
1002
76
305
-847
-328
-158
1015
-65
81
473
377
357
-595
701
1043
591
357
754
-386
930
-773
963
-427
-288
-198
395
-105
-119
-896
-104
-83
788
1065
1004
-755
-50
61
-394
-114
130
-643
528
-452
-613
-230
746
366
-538
-105
616
-170
-789
304
632
-711
-612
891
550
768
719
685
819
862
25
576
-109
163
-132
68
38
32
194
84
-183
572
506
779
430
-89
563
966
1049
509
951
619
973
285
714
-198
150
-806
642
-669
-88
913
169
840
248
-212
-624
164
-87
855
119
-435
1083
-430
923
-538
543
726
-129
-472
61
-485
1054
722
-551
-712
767
-657
196
509
139
-697
575
-706
-101
472
885
353
-27
982
-311
570
-856
-352
-258
-444
-363
549
1094
-253
-462
855
-739
-553
377
96
1047
1076
342
402
214
784
-47
563
656
653
536
168
209
55
-287
-383
-658
48
78
262
970
123
-95
464
539
261
355
-469
-145
874
-128
-550
-340
-153
101
-820
-667
-708
621
-770
-780
-779
343
-367
228
-631
908
-675
990
50
672
-890
-153
62
-761
-211
-681
213
986
-549
-883
636
746
586
-63
-150
-652
420
-486
-887
166
352
545
-417
-79
-583
246
-498
127
1058
-494
-616
87
440
-19
-329
478
-730
784
363
1040
-481
0 0
