15 3
15
9
3
6
12
13
7
1
4
10
11
5
2
8
14
25 7
63
21
42
57
15
36
51
9
30
72
45
3
24
66
39
18
60
75
33
12
54
69
27
6
48
19 5
-9
-4
-3
-8
-7
-2
-1
-6
5
-5
0
1
6
7
2
3
8
9
4
100 25
525
400
650
850
351
126
276
976
127
152
152
903
453
403
153
278
428
628
329
104
704
704
954
405
105
130
730
981
681
306
456
457
532
732
683
533
283
233
658
609
134
484
885
185
135
160
260
461
136
336
486
737
587
337
662
862
363
363
263
163
464
415
390
440
540
640
890
391
116
216
366
966
966
767
617
167
442
992
193
718
718
169
744
895
245
870
471
897
797
347
823
723
523
473
373
173
498
699
549
474
100 27
-269
-403
-214
-240
-186
-428
-157
-319
-400
-75
-129
-102
-128
-397
-154
-46
-288
-17
-287
-421
-70
-70
-15
-123
-285
-150
-96
-338
-176
-14
-364
-310
-310
-282
-120
-281
-92
-360
-305
-62
-412
-358
-32
-32
-4
-57
-29
-407
-326
-55
-55
-352
-27
-54
244
165
57
247
193
436
329
33
6
142
197
89
252
306
361
307
37
280
65
254
39
12
202
310
311
95
177
15
420
70
233
180
342
262
317
128
128
291
75
372
157
103
400
293
428
241
300 59
-294
-234
-115
-174
-173
-291
-409
-350
-53
-171
-112
-347
-346
-227
-168
-49
-226
-166
-283
-224
-106
-164
-46
-340
-340
-104
-102
-396
-41
-158
-97
-392
-155
-450
-331
-272
-154
-212
-94
-93
-447
-151
-269
-327
-150
-31
-384
-384
-442
-206
-88
-88
-205
-323
-323
-28
-145
-263
-381
-322
-204
-380
-26
-320
-437
-23
-82
-317
-435
-140
-139
-374
-138
-314
-314
-195
-431
-17
-430
-429
-16
-251
-74
-309
-309
-368
-250
-132
-190
-189
-247
-247
-424
-305
-10
-422
-68
-67
-126
-126
-243
-184
-66
-65
-360
-62
-61
-119
-414
-414
-295
-118
354
708
709
473
473
296
61
61
120
711
3
3
3
62
416
299
299
359
359
419
6
360
596
715
361
243
539
185
599
245
9
304
305
187
128
128
365
542
130
248
484
485
485
249
426
662
191
73
723
723
15
428
546
547
547
370
194
312
667
549
431
313
313
313
195
195
136
136
372
490
727
491
373
19
314
550
668
197
374
374
81
22
140
554
554
437
319
319
201
142
142
497
261
25
203
85
204
677
618
737
619
501
147
442
207
89
384
502
620
621
444
91
504
622
210
446
565
447
93
389
212
330
684
685
567
449
331
95
390
626
274
747
453
217
40
41
100
690
632
632
161
220
338
338
456
575
457
45
694
577
282
283
165
342
343
48
520
520
403
345
227
109
109
50
523
287
228
228
700
700
583
229
406
406
524
171
702
467
526
350
529
234
707
471
117
176
412
412
50 17
85
51
17
68
86
86
53
2
71
37
3
3
21
38
72
73
39
39
22
56
56
40
74
74
75
75
41
7
24
58
25
8
77
43
27
27
27
45
11
63
29
12
46
81
64
64
31
31
31
32
100 45
405
270
271
46
227
227
363
273
139
139
274
51
96
96
277
97
413
323
98
368
54
325
235
101
416
417
282
58
194
285
330
331
151
61
287
107
332
333
108
198
288
289
109
155
200
157
112
382
382
382
203
249
249
249
69
250
206
117
252
343
253
118
118
74
254
300
76
256
347
302
213
168
35
35
170
171
171
81
36
397
307
82
352
83
128
128
308
265
310
400
311
311
176
176
356
267
42
132
269
44
200 67
-65
-64
-58
-57
-46
-34
-96
-96
-93
-19
-15
-82
-82
-79
-79
-11
-9
-7
-4
-3
-2
-68
335
201
268
68
68
2
405
271
137
204
204
339
138
273
139
5
72
206
340
474
140
274
208
476
544
545
9
76
278
278
145
481
481
347
79
283
17
84
84
352
486
555
19
87
87
288
556
155
356
491
357
223
223
89
425
90
359
225
225
225
426
361
227
26
160
28
296
564
431
297
29
96
230
498
365
365
298
432
567
165
98
366
32
100
503
571
303
169
35
102
236
371
170
438
438
572
573
439
104
238
239
239
38
106
374
308
242
510
510
511
176
578
579
579
579
110
512
581
313
313
515
314
314
47
517
584
451
116
116
250
318
587
453
520
520
253
186
589
187
53
120
522
255
121
54
323
189
257
56
57
258
258
526
526
125
326
460
461
394
127
328
328
397
129
62
196
330
464
532
131
466
467
333
65
535
535
133
200
300 67
-199
-333
-131
-399
-130
-130
-129
-263
-196
-61
-195
-195
-195
-195
-128
-261
-259
-393
-192
-192
-57
-191
-123
-123
-257
-324
-324
-56
-55
-122
-322
-53
-321
-119
-387
-186
-52
-51
-252
-251
-318
-318
-50
-50
-183
-183
-317
-384
-316
-47
-181
-181
-248
-114
-111
-379
-312
-312
-177
-311
-244
-377
-41
-39
-173
-307
-306
-171
-372
-238
-104
-103
-237
-304
-36
-302
-34
-167
-99
-99
-99
-31
-366
-366
-232
-365
-163
-297
-230
-96
-363
-363
-162
-28
-27
-94
-294
-159
-226
-359
-158
-24
-157
-358
-224
-89
-89
-357
-156
-156
-21
-289
-356
-222
-222
-88
-221
-221
-355
-355
-288
-20
-20
-153
-354
-354
-354
-220
-218
-84
-351
-150
-16
-16
-15
-149
-350
-82
-81
-282
-148
-348
-214
-79
-213
-347
-347
-347
-280
-280
-146
-146
-12
-145
-279
-279
-212
-77
-144
-143
-210
-210
-210
-209
-209
-343
-142
-8
-342
-74
-207
-274
-274
-140
-140
-139
-139
-273
-340
-72
-339
-272
-138
-138
-3
-137
-137
-136
-2
-2
-336
201
0
135
135
203
69
136
71
138
138
272
72
206
206
208
209
75
143
9
210
78
146
280
81
15
83
151
17
84
153
19
154
289
88
22
156
158
159
25
226
93
295
27
228
163
164
165
31
98
99
32
300
100
101
168
236
37
37
104
104
38
240
241
40
243
243
109
177
244
244
112
246
247
46
180
181
47
248
49
250
50
51
252
187
187
254
255
188
188
189
190
57
125
192
193
59
261
128
62
197
63
64
64
198
199
199
133
200
200
500 109
981
545
545
327
218
436
872
219
219
219
328
328
764
764
982
983
657
439
984
549
549
331
331
113
876
876
659
114
332
332
768
987
551
333
442
116
989
771
553
335
335
444
444
881
663
663
772
991
991
446
882
665
120
338
993
993
775
775
557
121
448
884
885
885
667
995
232
668
886
886
886
886
887
669
669
451
124
124
342
560
779
561
561
343
343
234
670
671
235
126
780
999
563
128
346
782
782
783
565
565
457
239
21
21
566
784
567
240
458
895
677
241
241
569
569
351
24
460
896
896
243
134
352
570
789
571
353
135
135
462
898
463
245
27
137
246
464
683
247
29
138
138
792
792
575
248
685
249
141
32
32
468
904
905
251
143
34
252
252
688
689
35
144
144
362
580
799
799
581
363
145
145
36
909
691
473
255
800
800
800
147
692
475
39
148
802
802
585
367
149
149
258
258
912
913
259
41
150
368
586
586
587
369
151
696
696
479
43
370
370
588
806
807
589
589
589
589
371
44
262
916
917
373
155
155
46
264
700
700
918
918
483
374
48
48
702
920
921
158
158
376
813
377
377
922
923
51
815
597
379
706
924
707
707
53
53
162
162
162
380
599
490
708
600
600
819
819
601
165
56
56
274
492
492
928
493
493
820
603
276
276
931
495
169
278
278
496
714
714
714
932
933
497
279
61
170
170
388
606
824
607
389
171
171
62
280
499
609
609
391
173
718
937
719
719
501
610
828
611
175
66
939
285
67
176
394
394
612
612
830
831
831
395
395
940
723
178
178
396
615
397
506
942
943
943
725
507
507
71
398
835
181
508
944
727
509
291
291
291
837
619
619
401
183
74
292
510
293
75
839
403
294
730
730
731
731
513
841
405
514
732
732
951
188
188
406
624
407
407
189
298
298
298
734
953
517
299
190
626
845
82
736
955
519
301
628
628
629
411
520
957
194
848
848
631
304
304
522
740
958
959
523
87
196
196
851
415
88
852
417
526
744
527
418
418
201
310
964
964
638
857
312
530
966
531
422
640
859
859
205
314
314
968
97
643
99
99
99
426
863
209
209
100
318
537
646
647
102
102
538
538
756
756
756
430
648
104
104
977
759
759
759
541
541
432
651
433
215
215
760
978
761
543
107
434
870
653
108
544
980
1000 203
-811
-608
-201
-607
-404
-605
-808
-808
-401
-197
-197
-806
-806
-806
-399
-602
-804
-398
-397
-397
-803
-600
-194
-802
-396
-396
-597
-394
-394
-394
-394
-393
-187
-187
-593
-390
-390
-389
-592
-186
-387
-184
-184
-792
-386
-386
-791
-588
-181
-384
-383
-180
-180
-180
-585
-178
-380
-380
-176
-175
-784
-782
-782
-782
-782
-376
-781
-172
-171
-577
-780
-374
-779
-779
-576
-371
-574
-573
-369
-165
-368
-569
-772
-366
-568
-162
-162
-567
-567
-567
-363
-363
-159
-362
-362
-767
-564
-564
-158
-158
-563
-360
-765
-763
-154
-762
-356
-356
-558
-152
-152
-760
-760
-353
-759
-759
-556
-149
-351
-757
-755
-755
-552
-552
-146
-347
-347
-142
-750
-343
-545
-545
-544
-544
-137
-543
-542
-135
-338
-540
-540
-540
-539
-335
-335
-741
-132
-132
-740
-333
-739
-739
-535
-535
-738
-331
-534
-534
-128
-128
-736
-736
-329
-327
-327
-530
-530
-530
-326
-528
-122
-122
-121
-324
-526
-120
-119
-119
-118
-118
-118
-522
-116
-723
-723
-113
-519
-519
-722
-316
-316
-316
-314
-516
-110
-717
-107
-107
-309
-715
-714
-307
-305
-305
-507
-507
-507
-506
-100
-505
-708
-301
-301
-504
-98
-98
-503
-501
-501
-298
-298
-499
-702
-295
-701
-91
-700
-294
-294
-293
-293
-293
-496
-292
-292
-900
-899
-696
-289
-695
-898
-898
-492
-492
-897
-287
-693
-896
-83
-83
-489
-895
-691
-691
-81
-690
-689
-892
-486
-79
-891
-282
-77
-280
-482
-75
-887
-684
-278
-278
-278
-278
-479
-479
-681
-884
-273
-679
-69
-881
-271
-270
-675
-878
-472
-472
-674
-267
-63
-875
-875
-265
-468
-468
-62
-467
-264
-669
-669
-668
-262
-261
-667
-464
-58
-57
-463
-259
-665
-665
-868
-55
-461
-257
-866
-256
-255
-661
-457
-254
-456
-50
-50
-49
-455
-658
-251
-251
-860
-454
-250
-655
-655
-452
-452
-451
-450
-448
-448
-448
-853
-243
-852
-852
-40
-39
-242
-850
-850
-37
-443
-849
-645
-848
-442
-35
-441
-644
-643
-846
-440
-33
-439
-845
-235
-844
-844
-31
-31
-437
-843
-843
-640
-234
-639
-436
-29
-841
-841
-638
-434
-28
-839
-636
-230
-25
-634
-634
-634
-228
-430
-24
-23
-23
-226
-631
-22
-21
-427
-224
-19
-831
-628
-222
-424
-17
-17
-829
-626
-220
-220
-625
-15
-15
-421
-217
-420
-14
-14
-419
-622
-216
-216
-216
-417
-620
-822
-10
-10
-9
-821
-821
-821
-212
-8
-7
-413
-209
-209
-6
-411
-817
-613
-816
-4
-3
-409
-409
-206
-611
-611
-1
-407
-407
-203
-203
-609
-406
0
813
611
205
3
612
1019
613
207
816
412
412
818
819
7
617
617
820
212
618
1025
1025
619
213
10
11
620
1027
621
215
12
418
418
419
13
216
1029
217
14
218
624
1030
625
219
219
16
16
16
422
422
220
1033
1033
18
424
831
222
628
223
20
833
21
21
630
1037
1037
631
225
22
834
632
633
430
25
634
1040
432
432
432
838
839
839
27
636
636
231
231
841
435
232
638
233
30
31
31
640
1047
641
845
236
236
642
1048
1049
643
237
34
846
846
239
848
37
851
445
242
242
648
648
648
1055
40
446
650
1057
651
42
448
448
855
1058
857
451
45
45
248
248
249
46
46
452
859
453
47
47
250
1063
860
455
49
658
659
659
254
1066
1066
1067
864
459
53
256
662
460
461
461
461
55
258
665
665
869
1072
58
58
464
870
870
871
465
669
669
60
873
467
1077
1077
671
265
265
62
62
1078
1079
1079
673
267
64
64
877
471
1081
675
473
473
676
271
474
880
272
1085
273
70
476
882
477
71
274
680
680
681
275
72
478
885
73
682
1089
74
1091
279
279
77
77
281
688
283
80
80
486
486
81
690
690
1096
691
82
82
894
894
895
83
692
287
84
490
490
896
897
85
288
694
899
899
697
494
494
900
901
698
293
902
497
701
701
295
498
499
499
93
297
500
907
907
95
298
909
909
503
503
301
301
505
99
302
708
100
100
100
912
913
507
101
305
102
914
915
307
104
104
510
916
105
918
919
717
108
514
920
921
921
921
312
719
922
111
111
314
314
315
112
518
113
722
723
723
317
520
318
319
929
523
117
321
323
324
324
528
934
935
733
327
936
125
329
329
939
127
330
737
331
534
535
129
129
333
943
537
334
740
740
741
335
132
133
743
745
542
542
948
948
543
543
137
747
138
342
748
748
140
140
952
750
750
751
345
954
549
143
143
346
144
956
551
145
959
960
960
960
961
555
758
353
353
556
963
963
760
761
355
964
965
153
356
763
357
966
358
156
968
360
360
766
158
971
971
159
973
161
364
365
365
367
164
570
570
570
977
369
369
166
166
572
573
167
370
371
980
575
982
577
171
374
781
781
173
376
376
174
987
175
378
784
379
176
989
989
583
177
786
990
990
585
585
382
788
383
181
181
384
385
385
385
994
994
386
792
792
184
388
388
592
592
593
593
187
187
390
1001
1002
1003
597
394
800
801
192
598
599
599
193
193
194
600
1006
1006
195
805
1009
603
806
807
198
604
1011
1011
402
809
403
1013
1013
201
404
608
1014
0 0
