701 1059 1417 2312 0
14 23 17 32 122 0
14 -22 17 -31 -124 0
-666 169 0
-650 -164 0
-202 157 0
976 -632 0
721 421 0
-316 -721 0
2 4 6 8 0
5 10 0
2 2 4 0
701 701 1059 1417 2312 0
361 5308 1038 4504 1594 6502 4776 9791 35 8813 367 879 5405 7414 2893 4132 5055 5148 9543 5712 9236 5725 3073 3597 9535 7155 1100 6546 1212 2486 5266 101 4153 7392 9747 4241 5301 626 1280 7688 8983 1781 8664 8122 5234 2563 690 6966 7432 1814 2874 5855 605 5313 9535 9171 8333 3630 3101 3401 8976 2456 1030 9417 9772 6715 6262 7537 172 2968 9687 8948 1073 6253 1986 4629 6582 2452 1911 3189 1416 2171 4063 729 101 9092 2160 1120 4484 1374 7921 1300 8934 9236 7887 446 1435 9443 4735 127 1656 3682 1124 3468 4807 4909 2627 2777 7744 5923 5462 7050 5223 9762 6206 7542 9830 14 4748 3469 1340 2985 2114 4939 6886 3616 2725 5181 1357 3730 1669 692 2976 1287 2065 4936 3923 8574 2469 7886 2024 4647 8981 8285 1230 7346 1982 5373 4135 9400 9835 4033 9182 3049 8422 6423 1944 6453 9471 2174 378 4175 8690 4247 7900 4366 3876 9759 8013 2822 5742 8843 7111 3128 8845 3189 7044 4133 9193 3479 8976 3096 1460 6117 5217 5364 8102 8032 6533 5899 6951 5464 1803 7362 2540 1521 6277 4337 3270 905 9131 9679 103 249 7396 7005 2934 9083 8897 5778 6293 8523 5322 855 2401 9584 9117 2948 1369 8381 3620 1243 9331 115 327 786 7852 5114 8498 8215 1855 9599 9031 4848 4487 1344 4423 6448 632 1542 2717 9921 1323 9042 220 6958 6936 2555 1947 2495 5257 4567 6717 4603 8444 4984 5878 3929 8842 9497 5499 5848 1046 3625 857 4320 6792 3239 9208 7224 7290 7167 9665 650 7442 979 4030 6819 8082 1406 1698 9919 1916 7253 8185 8165 3162 7183 2544 1022 7613 2086 4296 2684 8229 6255 215 9465 1728 4454 4384 701 6998 6349 3988 4037 2932 455 7657 3152 7591 9072 6058 5883 4156 2816 5391 9711 1093 7615 3038 7209 8623 4939 2450 4235 9522 1783 6875 9170 6360 3686 358 3847 5346 505 7935 7066 1191 9926 2548 4267 8718 6746 9644 4731 8831 9503 9015 7091 3045 2673 3607 4082 1446 9213 5296 8845 2550 5532 300 3235 1176 1503 851 927 2199 6539 5145 1473 7972 4791 6231 1310 689 3875 3999 7255 8990 203 8586 9288 9633 5308 820 754 6315 9015 7019 459 3673 9380 1347 1747 712 3112 2894 1803 621 7914 1722 2674 9683 7858 4011 1024 6998 6468 363 8998 4496 5212 5871 7045 4674 9497 2012 15 7510 3087 9577 1387 7986 7927 6103 7404 5696 3898 1295 1940 5179 6351 5162 3605 9548 3809 4503 2985 9878 6020 8600 3650 335 2233 1486 7780 720 4704 5911 8338 9967 7581 1012 2934 4859 2334 4816 3189 903 3885 4174 2403 9179 4593 5426 5346 1447 1961 2403 9601 7529 588 6575 7955 4913 842 6592 668 4595 6952 2637 9715 6509 7754 7140 8613 6858 2017 9126 8535 1766 4967 1268 6014 195 9177 3865 962 1611 4581 183 3344 2423 947 775 1263 7919 3561 5659 8789 9091 521 3079 9051 9545 1806 7087 8158 824 7415 8674 9320 8837 9219 9016 5038 1772 4894 4295 5499 4161 3035 860 5054 2999 9970 2921 3215 2465 9243 938 9751 8503 716 1212 3232 3836 9808 6063 5211 2333 2761 8955 5105 5020 3351 8242 3500 6190 4793 7461 7687 33 8867 9065 8403 1970 481 3355 9899 6783 9691 3522 6762 8632 3865 9012 8364 331 2009 4284 6242 5697 543 698 5738 5571 4252 7547 3791 7232 8482 5498 8236 819 5494 1671 9895 5249 1863 7655 8315 1456 1343 2285 1398 1247 7319 9848 6997 8497 528 3580 5021 6731 4271 1557 9212 6401 5145 6074 1134 7420 3824 5774 1540 5999 3740 1629 3330 5786 4525 21 216 6654 8047 6642 2532 6849 2223 4015 8133 6757 4894 793 6451 4453 1252 7814 5501 3007 4967 6279 819 776 2475 7050 3974 1868 4604 5203 9180 2501 9898 2651 9336 5967 2756 4857 7402 217 5209 1505 5523 350 2042 3306 2731 453 4276 6517 3799 1541 1757 6698 9269 61 8813 5013 1129 2611 8191 6433 9677 284 7671 835 7557 5340 4134 203 3313 7630 9468 2007 6598 2405 781 120 1663 1220 9928 7800 2512 4971 3732 3644 204 6771 6539 7815 5047 301 4780 8208 2654 1061 1323 3397 4277 301 9948 2031 401 3031 3680 3831 8008 1170 95 2474 3878 3049 8583 2569 962 4153 979 6740 7408 3906 7616 5001 6983 6591 2060 8423 4309 2729 2591 2247 2578 9801 2607 3005 7171 5709 318 524 5616 1709 6375 7688 8376 974 8874 4816 1523 598 6531 6155 8569 433 2257 8577 7409 1028 9590 3822 908 9152 9771 7299 7523 6842 7462 3566 9421 2616 2878 9787 1734 5278 2350 9163 8685 3225 7688 9299 9181 9868 2524 5368 8671 2362 9 4714 3245 8275 4339 8926 4313 4002 1110 4321 623 614 1738 233 1321 7744 5879 6254 658 2716 9227 5305 9469 5076 8474 6636 9207 945 8501 3939 2762 6131 366 3737 3395 5347 7914 1566 3686 8615 9720 7079 7072 1590 7298 70 7102 8284 4866 1484 364 7216 1783 604 5456 7765 2935 2674 7785 2398 1415 9204 4258 2453 9385 1208 7675 4381 2101 118 6554 4134 5899 735 9581 1970 6183 686 6595 8470 6406 9502 3580 2626 3273 0
805 2531 5733 314 5352 3481 2086 4898 4620 1875 3019 4101 1636 6722 6371 2816 5054 610 6377 3803 8881 3981 705 7311 6692 3821 5479 9016 3999 9575 7410 1115 8230 9014 8974 729 9971 3494 1434 180 4498 8099 4255 6962 2164 113 5891 3056 1100 1149 2157 8649 7454 2083 7625 9895 9529 4881 2142 2393 9810 12 9247 1717 7859 9074 3055 1152 996 9008 120 7612 5129 6005 5869 9649 2651 7622 2750 3264 220 9523 940 9411 7957 1514 1342 5273 594 987 1268 6209 9761 7820 2538 2340 1510 9917 6239 3288 3651 5310 9398 3314 8038 9200 2460 3164 2131 8650 1404 2103 3540 6701 783 114 350 6746 3864 5612 5414 354 863 7399 9540 3502 5036 4078 5159 737 4679 2408 3705 6058 9261 2733 1683 510 2678 7608 7412 8197 6740 2030 4654 100 7630 8350 3442 5083 1470 1337 2606 8720 4056 2004 2612 2092 7069 748 12 9940 1343 6729 4700 4971 1205 8502 8680 278 1361 3264 3077 9632 688 3756 6850 6351 9777 7422 6584 9430 874 1128 1553 7196 9095 1776 216 6989 9397 2725 8671 2384 7086 9107 9031 4137 3766 884 1339 1456 165 7817 8094 849 5606 1786 4806 5765 640 2507 9673 2753 5826 7456 3031 1646 3812 338 2440 8889 4283 8642 664 2139 654 9805 9631 172 375 4560 1670 7284 5868 830 8135 6418 3663 8880 2900 6176 1522 3420 5915 9158 8815 6586 1977 9918 6695 3186 7148 2392 5497 5386 7981 9727 3141 959 7214 3596 9810 1841 5840 4682 5901 9269 6025 9897 227 1589 7971 9095 3312 154 9064 4507 8297 269 3021 772 5815 8762 8285 1090 5541 6406 1240 4883 764 2114 1339 9457 8509 9456 4178 2554 4511 7510 4059 5984 4937 4722 5484 9713 4786 4572 8952 5802 9767 4050 494 2184 2669 4607 338 8015 5656 637 9056 2095 9323 2990 9343 1171 7185 6229 2242 3484 9371 1802 6149 2206 3403 6878 598 744 7072 5947 417 5642 9155 1728 2881 9650 33 3980 8340 7960 5818 808 5902 3995 810 5178 1872 4987 5286 2007 1450 2040 2201 1337 3983 8922 2735 4913 937 5811 1954 8191 2685 3923 9427 6432 8368 6810 6875 3703 633 4083 274 3439 1481 7967 8497 4911 120 2751 6531 6591 3986 9238 8145 4410 9794 9326 6014 9477 2750 522 8031 5391 1683 6140 9520 8473 9298 2057 1747 6312 1643 2377 9242 537 2425 7843 1847 8596 8591 840 610 4644 657 2543 4698 9494 4661 2209 592 6704 283 2469 1793 3508 492 623 9874 3028 7711 7461 1088 6216 8034 8899 1672 671 6758 6671 4373 1746 7867 9535 409 3551 9199 6937 1710 6932 1905 6427 5324 2058 875 7388 4846 5909 1663 4067 6896 5225 9808 4311 8156 2463 8084 8071 789 2360 4969 3947 5779 8353 6310 6410 4161 4487 4276 5549 6915 7245 9229 9204 2268 956 2627 1304 6687 603 9364 7696 4036 9519 1484 8648 2397 1508 7851 4383 3017 1757 4473 3919 2585 3208 2824 7411 2226 6885 5785 3492 402 2825 3809 2292 4982 3678 2269 8383 3627 5773 2771 6638 5172 3087 8331 7422 76 9984 9471 689 1820 2197 4079 1748 6431 6815 5159 5776 307 3969 2245 5092 7379 9007 7205 1347 1299 455 8992 314 5404 5940 2677 7781 1225 2432 7334 9571 2577 3626 86 4375 6629 809 7825 1808 6844 4320 6077 3115 1774 7218 9104 3895 8174 231 450 9321 5019 2544 6148 9698 8568 4103 9345 1918 1851 9547 7940 478 9171 8347 8458 6728 2846 1280 1145 3228 5705 2736 4418 1099 4265 1904 4275 9892 8234 8346 8959 4767 8678 528 1250 1117 328 9599 4656 9903 9906 215 989 7510 1483 1930 8354 3563 2909 5555 1935 8817 14 2026 2332 6999 9693 4325 2597 2290 8128 9840 389 9067 9084 7712 7041 8373 244 1940 1032 2657 5285 8477 7018 1717 9026 2336 6855 9066 5227 1066 6713 7829 4659 8484 6981 921 402 6262 302 2283 776 4144 4010 3670 3476 1191 7657 1712 228 8045 8675 3933 6621 9397 9026 8898 894 2165 4352 252 4176 4572 1 1506 1344 4118 9908 8568 5776 8830 8854 9206 6986 7027 1336 1161 1671 1854 4163 600 2848 3939 9401 1385 1283 1830 1405 2997 1303 1424 4549 6969 3939 8322 2175 303 2428 41 2130 2940 3934 8627 8342 2683 9918 7201 5495 1418 3917 8845 7318 6484 7487 1357 4496 1663 9836 5657 5475 8246 5127 1994 4463 1897 6366 8355 4377 8355 8161 7541 9046 5405 6198 3277 1317 3250 5083 5248 4621 7155 1966 9563 4810 8955 6954 8372 9634 8085 5427 6245 2253 9789 9588 5930 6116 548 343 6200 841 4552 5605 9777 5528 2931 3694 1429 7260 3427 1419 1931 164 9450 6306 5200 1255 7895 873 5999 2727 5733 8863 5523 6914 1986 8728 7161 382 4034 6263 2713 1030 1461 9713 85 8064 9783 751 5523 2578 4950 9140 9880 2420 2217 1696 742 5430 6863 9524 7127 533 3590 7991 6442 7099 3949 2777 7022 1445 9068 7718 1469 1337 866 557 3675 919 8591 433 9022 607 3235 7423 9136 1155 3895 8865 6658 1343 3099 2771 2052 358 5167 6628 7443 1838 2934 1552 7026 1264 9656 9803 5372 2313 3767 6096 8696 0
0