762 531 0
615 234 0
-244 -722 0
-145 716 0
-783 482 0
3 6 9 12 15 0
20 200 0
30 30 30 32 0
701 1059 1417 2312 1059 1059 2312 1417 0
1899 1535 3687 596 95 8216 6181 7301 978 6657 6239 8856 2592 1950 2409 1140 650 2676 9844 248 1987 2751 7168 7905 6256 5729 418 578 9306 2828 9686 4036 2070 6930 4775 3035 518 1947 8076 9580 1585 1687 4117 5132 801 8052 4247 8363 2972 2706 8227 8897 117 6053 4606 2039 4163 2411 9293 2617 3970 3871 7631 7386 7128 4765 447 1992 4411 8343 5530 6850 1154 6951 558 7928 3449 533 4 194 7449 3852 3727 2484 5015 9832 4869 4304 7404 7923 8430 3788 9333 1920 1706 7493 1995 1863 4584 1252 4773 5523 7909 1968 2077 2840 4273 373 417 9641 1592 163 7227 1033 7007 7834 1635 4656 7838 1556 7443 9904 5245 1107 843 1593 5186 4430 9110 2938 2938 678 5740 344 2837 7485 9354 404 3079 601 7183 7128 1948 421 201 8754 4444 5082 7759 901 4416 2044 9424 2812 9028 9367 6780 1776 5133 3500 1825 3356 6972 3446 8745 1167 1731 2882 5505 5809 504 62 2061 6250 3960 1121 3482 2175 4286 7676 1237 2142 996 943 7707 3453 3704 9439 2720 94 6867 1399 2707 5302 4487 508 818 2318 1495 1798 5034 2040 9179 6283 8962 8998 8147 8270 632 8808 9420 2376 5516 3461 529 8662 1404 2060 3380 9972 8143 2907 9501 1751 3542 8847 690 1665 4592 4093 8360 337 3357 2737 6376 7337 9093 6101 2214 3108 8890 8517 142 951 2411 1440 4224 4232 7771 5681 4030 8460 4290 8079 403 7877 865 9185 3734 8956 2763 9366 1278 5995 5106 3892 9545 9071 4800 9791 3192 1036 248 1821 1389 4017 8268 1400 7080 3613 1584 9252 4574 4641 3535 6673 7964 7256 6588 6626 874 6038 3628 8671 5763 8733 9666 2153 771 8949 5722 8268 3602 1612 3146 1594 1041 2732 566 7397 9586 5229 1300 60 269 2635 1087 9562 4368 9833 2911 6604 6775 4341 8313 4050 5581 9902 99 8215 9553 3908 9867 6772 9756 2399 8008 290 545 1570 4081 2223 8790 4433 1821 6050 6547 8801 4987 8050 57 6943 5715 4133 740 8611 780 4581 2756 3318 3151 6199 7257 8034 5307 974 8989 4042 6171 1022 4294 5546 1957 173 9995 7968 5573 4751 9015 8346 3337 481 9260 9618 94 4885 5019 4136 7819 2544 8641 9726 5852 2577 5427 2122 2946 6356 9661 5191 3721 9253 6855 221 7402 4280 9530 2274 354 6040 2386 1489 2611 1167 1700 5818 4825 6886 5425 2282 1824 1725 7307 1261 6148 8941 7480 1345 2056 6060 8389 3117 427 5569 1901 1 1992 1848 4746 9024 4254 456 8779 7291 6576 387 887 432 8972 510 6256 9427 785 1875 9387 2523 8429 6467 7008 8657 9205 3039 5581 3092 810 5672 512 1537 1832 613 4020 2977 6271 886 3259 5362 2903 999 6893 8043 4208 9559 912 3562 7224 9785 8233 7809 9073 9754 2242 4785 9330 6213 2668 6245 300 387 1175 3090 6928 5351 9519 6893 159 5337 7225 3086 1026 7985 2511 7395 5259 1879 200 4920 7564 5448 9292 38 3671 219 3286 2073 4661 3237 9339 6167 9083 122 7018 7934 4585 2341 8900 4924 7813 1402 2254 9461 1512 8906 1557 6929 7767 3207 9569 5348 2757 360 733 7362 4262 7167 422 5106 1335 3272 9073 6146 3789 8709 8578 5420 2172 5529 843 3687 1417 2865 7330 5729 2225 7290 7174 6476 3819 7166 1875 4470 4891 289 7283 9326 4872 7787 4104 7315 7249 4215 3607 863 4732 9564 1031 8212 959 4201 3355 1190 6835 4790 3308 9209 2165 5400 5227 1100 254 9734 7381 9687 6118 6970 9159 7936 436 8858 8356 2676 1433 2696 1237 7461 9743 8454 6960 9519 6748 5310 7165 5135 3611 5665 1221 534 7628 7006 5371 7258 362 2005 8223 13 8654 5341 7601 6595 642 2275 5683 8478 2985 9619 210 4476 7565 1804 822 324 937 2848 6792 2924 8809 9097 9508 3646 510 1842 1055 1101 1110 196 6714 9475 315 2912 3176 1164 4394 7821 7692 9784 3832 9090 3639 5676 8928 5622 7249 459 528 6774 5013 6116 405 5511 2946 268 8307 3917 1214 5709 1450 5643 9806 5406 53 7628 6404 4437 1508 7633 633 7738 4269 6715 7355 6222 1007 3804 8280 301 5351 5785 1163 3199 5591 5987 2022 5429 5811 3207 5809 1090 2317 2034 6322 8456 8580 8936 7134 597 2089 1735 3695 4029 4658 2376 5447 8202 2962 5366 5059 768 5304 82 67 2358 6311 9493 9097 243 6183 3959 4128 6949 8329 5409 8031 5352 4977 558 702 3524 1615 9735 5176 6424 5422 9151 8562 3398 7633 8907 1675 6095 5882 1367 340 5936 5421 1813 3938 6365 8181 3623 8178 1613 3317 7999 8572 5062 1154 6644 3467 2331 3087 6360 3548 7699 5353 7161 8373 7756 9844 917 6856 1055 949 81 1624 5974 7762 6618 954 3227 5094 6685 992 1411 330 549 6226 939 7392 1156 1118 1985 5954 9764 1922 9478 3307 6957 2039 9683 8099 5770 8433 6506 8897 2631 1812 8670 7388 5470 9193 6342 4115 834 2161 4062 8862 5531 9449 8574 1268 1252 9294 7150 6110 9377 8051 1162 9276 6133 6049 1747 8422 195 9951 8311 6486 2467 2594 2690 4804 2279 7878 7301 6962 5262 3998 4214 394 3929 5800 9639 0
1955 7650 2466 6457 1602 9434 3556 305 6763 444 3724 9605 5736 8325 9228 976 7804 8225 8198 4183 9443 1015 276 8849 2362 9888 2215 8520 5346 8926 5167 2913 9521 8171 1274 3288 2698 2383 7616 9199 7486 4631 1278 7353 3475 2322 8513 3778 3988 3181 7926 1746 6185 5649 6175 9841 8408 491 1673 6029 1228 1757 2620 9961 4389 484 2546 8136 7360 5001 3084 299 7833 1228 1601 632 2478 8333 2184 6588 2166 1021 2857 4897 4881 8885 8863 8227 6225 7316 2944 7727 4570 7647 1808 5230 3254 2693 1234 8801 3773 8785 1521 6045 1443 6435 3214 6537 273 3040 3931 8853 1113 5305 3272 4829 3988 1402 3419 4190 6222 1172 3493 4953 4021 541 9091 7830 5277 3813 7410 6026 1736 9133 4295 4364 1652 3972 6989 644 2165 418 2784 6582 9301 6040 9034 1838 3577 5015 6428 1707 198 7617 3136 6449 7075 2749 2332 7897 8241 4846 6266 9660 6057 8742 3205 2513 1492 5703 1686 403 9537 7275 5440 4038 2130 2452 7897 5323 1496 8838 442 242 1345 3124 4041 5599 9006 5576 5365 1056 5162 8775 8113 2495 7624 5909 1557 7699 8156 1012 5649 2363 1549 8787 5635 974 1929 2981 9963 5932 8906 7582 5053 3050 855 1685 9031 428 2862 2535 3524 2259 7680 6729 5616 9193 638 1760 6925 1995 2995 196 645 6023 673 194 305 9237 721 8049 3225 5115 277 8791 7517 9947 1313 8205 7747 1904 3305 3360 3650 9177 5436 122 6559 6293 7074 7488 86 1888 9825 5533 2491 5517 998 6800 3425 3396 4691 1761 795 29 7860 73 7665 3470 2230 9570 486 7330 9 1693 1319 6043 3925 4051 6614 6041 2220 5422 8856 1499 9391 1289 427 2389 547 7813 4940 9043 9717 4669 2601 2477 2748 2940 5762 9947 46 1886 2661 6955 1494 4004 843 2577 3876 60 3805 9790 7445 2417 4250 4900 3828 2638 6045 56 33 1433 763 5561 5841 4845 7530 3361 3815 664 6345 9497 898 7703 2043 2898 8518 4063 8037 7825 2943 6142 8507 6299 4660 9232 8790 7186 7736 6742 3289 2110 4103 5300 1076 6127 2799 8506 2984 6529 476 7654 2683 4961 5081 8791 8751 4688 3459 6773 4687 3558 176 7807 1753 8969 3553 8389 6498 2781 5412 2744 1222 1246 1789 6046 335 6636 7253 3850 2553 3238 995 5612 6787 1275 5355 3365 792 6492 9236 1565 4079 8102 4319 1481 4159 1375 9892 6311 135 6063 9775 699 6797 8641 7131 1439 662 9545 29 3831 2182 1080 8645 4611 9400 8862 3105 1624 8527 2655 3778 1777 1006 5274 6578 2802 1461 6198 2758 3950 1197 3501 8977 8185 6551 9038 3018 2080 1215 8333 7183 2311 167 6126 2777 4787 5537 6402 7713 218 2972 2161 3860 8040 1763 5449 6787 9396 51 1829 1774 626 2684 1522 2563 3689 4905 7358 7345 1399 2659 4737 625 9604 7155 785 6055 4645 6183 6368 4422 5010 1959 329 2338 1050 3080 4492 10 2565 368 229 9877 1259 3563 5875 2539 7683 1406 5928 6856 2894 4394 7053 4733 3541 4452 4872 8920 2751 3826 2256 6469 8312 3976 6496 1541 5407 4259 4826 9933 8367 3510 9070 7778 8065 7076 571 2308 4319 717 1717 6072 1195 9020 3528 6347 5633 8480 8380 5123 7739 6922 8585 2952 4420 9862 8029 8179 7471 2270 7132 8246 1001 1227 663 2269 1628 5197 640 7731 5269 2621 9100 2824 5464 6177 7274 3697 3842 2480 3172 7264 6608 5430 900 966 1310 2810 777 3974 1970 1119 345 2492 4955 9320 9193 6222 2596 5871 6603 8834 3117 3719 4327 8256 5996 1472 1357 9177 5343 348 8521 184 1957 3584 3000 6232 1710 3900 6923 6726 2001 783 9962 5448 5629 1476 6251 4750 9985 1314 1075 5336 2431 4035 6587 4057 3150 4786 2630 410 9296 8331 1107 7570 916 1582 5246 9700 9261 6564 4364 2010 7954 8277 6967 1281 407 2041 838 1812 7339 2477 9392 1117 4228 8713 1410 5226 7352 9200 4512 6413 8541 3335 2249 3654 1748 5593 3486 948 2353 4890 99 7018 5822 8283 6135 9391 353 2173 6593 4681 2107 6282 7916 6986 5970 2480 2804 7307 7393 2063 3137 5896 670 6310 675 3213 2781 8825 7359 4784 5827 7013 1306 8414 1662 2519 3266 7802 1283 922 7333 8403 1799 3919 9564 6214 2642 7954 8344 9156 4897 6698 1201 4502 1419 4401 4219 4333 7943 7685 7529 4638 972 7263 4262 1711 9896 4210 7954 7003 2693 5222 3209 4108 8457 5317 2747 3466 4605 7333 5783 2942 4320 696 9657 2028 6813 8800 3654 1185 3994 87 150 1945 1058 6782 8193 8500 5014 2548 2509 1641 6063 8825 87 700 791 6372 6895 332 9737 6242 5817 1376 182 7616 481 740 3786 1355 7167 174 7758 981 699 3990 3039 1835 6963 2613 9870 5461 5803 3293 9321 8909 5700 5929 4811 20 5232 3638 5136 9889 2709 3251 8139 2523 6672 7061 8491 1801 4812 9326 7195 2984 2915 3294 8617 9341 6307 9499 1850 5148 7733 5997 6844 2232 2426 2557 9356 9628 2007 8832 8808 5833 6435 2366 8375 9217 5023 4343 9064 3924 1285 7208 2025 5752 8787 6538 410 3038 4906 2381 2241 7010 9218 5187 4990 676 49 0
0