16 4
67108864 4
25 5
36 6
49 7
134217728 8
32768 8
1073741824 8
81 9
100 10
1000 10
10000 10
1000000 10
170859375 15
225 15
170859375 15
256 16
1048576 16
289 17
8000 20
441 21
484 22
529 23
6436343 23
148035889 23
15625 25
676 26
729 27
784 28
481890304 28
841 29
32768 32
1089 33
39135393 33
1156 34
1156 34
1225 35
1444 38
1444 38
1521 39
1600 40
1681 41
1764 42
2116 46
4477456 46
2209 47
2304 48
2401 49
2500 50
3249 57
3364 58
656356768 58
3481 59
714924299 59
3600 60
250047 63
4096 64
4225 65
4356 66
4356 66
4489 67
5041 71
5184 72
1934917632 72
5329 73
5476 74
5625 75
6724 82
551368 82
6889 83
7056 84
7056 84
7225 85
704969 89
8100 90
729000 90
8281 91
8464 92
8649 93
9409 97
912673 97
9409 97
9604 98
9604 98
9801 99
0 0
13 0
11 0
66 0
66 66
92 0
92 74
106 0
106 32
106 50
258 55
258 126
258 210
258 250
290 0
290 89
290 115
290 209
290 234
290 283
9978 9724
9978 9773
9978 9778
9978 9820
