4 2
4194304 2
8192 2
1048576 2
9 3
40353607 7
5764801 7
117649 7
40353607 7
64 8
100 10
1000 10
10000 10
1000000 10
121 11
144 12
248832 12
169 13
196 14
225 15
1419857 17
324 18
361 19
893871739 19
6859 19
400 20
6436343 23
576 24
7962624 24
331776 24
7962624 24
625 25
20511149 29
900 30
900 30
810000 30
961 31
1024 32
1838265625 35
1296 36
1369 37
69343957 37
69343957 37
1369 37
130691232 42
1849 43
1936 44
1936 44
2025 45
2025 45
2601 51
2704 52
2809 53
2916 54
3025 55
3136 56
3721 61
226981 61
226981 61
3844 62
3969 63
992436543 63
4624 68
4761 69
328509 69
328509 69
1564031349 69
4900 70
5776 76
5929 77
6084 78
6241 79
6400 80
6561 81
7396 86
7569 87
57289761 87
7744 88
7921 89
704969 89
8836 94
9025 95
857375 95
9216 96
9216 96
173 0
173 90
228 0
228 8
228 10
228 19
228 101
228 134
228 186
0 0
310 0
310 65
310 113
310 117
310 172
310 219
310 288
326 0
326 66
326 102
9978 9861
9978 9910
9978 9960
9978 9961
