5
19 15
7 13
5 7
6 8
1 2
5
37 91
64 68
86 2
80 78
75 65
5
29 67
74 9
8 62
41 78
84 2
5
30 80
71 69
42 20
16 40
7 4
15
154 232
208 186
239 126
8 49
79 249
39 18
77 220
1 92
52 41
198 229
86 14
92 139
142 154
94 242
61 124
30
415 198
389 433
339 421
124 424
424 206
67 429
459 64
141 25
350 248
431 156
377 366
357 73
260 4
479 12
54 469
457 75
108 320
161 8
223 474
452 365
281 229
4 308
436 109
328 35
403 240
475 23
252 26
445 74
371 82
272 301
60
408 968
425 325
675 39
941 679
844 320
680 853
876 879
464 718
813 83
983 462
544 972
444 586
610 584
447 283
838 359
580 977
212 416
298 185
547 371
485 922
674 336
428 334
424 615
474 231
571 867
699 673
143 803
575 349
891 182
419 391
151 440
229 728
227 327
697 276
765 34
784 563
282 710
799 864
160 414
314 358
515 923
88 567
199 749
415 136
558 464
155 361
625 658
284 697
332 348
54 90
358 32
174 984
742 594
9 415
644 402
502 839
720 215
407 11
595 6
961 744
125
1055 682
1357 324
562 585
955 857
1284 915
527 38
183 1220
617 1011
1090 1312
1325 592
1077 1139
1250 360
43 1180
1341 1043
83 1255
448 1052
1202 1282
297 1242
1113 794
927 1360
290 852
1234 1016
1144 990
665 571
714 1059
342 1117
834 1248
848 661
1042 456
420 643
74 1463
32 800
1244 276
643 630
1153 859
453 337
666 1045
787 61
798 1108
72 1334
1273 443
745 197
19 46
579 1473
468 1447
1399 1124
669 7
133 536
296 152
966 926
1329 228
1381 618
1220 16
105 801
55 904
1430 159
1008 305
388 78
670 879
1316 1038
1096 881
812 729
1307 1126
1057 1213
553 74
946 57
251 786
880 897
1171 1026
362 1266
1478 224
1432 583
589 651
582 1444
776 385
1349 397
1208 865
826 527
1200 1153
1172 250
794 1460
1040 1119
116 1147
414 1168
1233 558
813 1004
1482 833
871 873
618 559
673 1318
494 1146
1148 1137
1100 1358
1392 523
890 1224
239 1355
1281 45
1389 296
1439 408
35 943
218 32
1398 1125
41 540
980 741
1348 500
625 579
212 1488
208 803
1222 726
320 737
1404 264
457 79
1326 638
1451 1309
1092 409
194 349
709 97
920 321
1291 154
270 848
923 77
346 853
551 669
65 314
1122 839
250
1793 732
1243 1710
1826 1818
374 550
864 1589
1916 694
1048 1618
292 264
81 93
100 734
1361 1090
14 299
769 1963
941 86
590 492
1073 1883
402 1643
822 1858
35 995
1675 612
889 827
1922 1099
262 67
547 793
33 559
1943 1916
531 1799
242 1184
1078 1021
95 758
171 801
1634 1668
1595 290
714 1725
960 869
1650 1845
970 1736
395 766
1490 1084
1229 1884
982 1877
1030 312
622 1209
386 605
1112 1682
1778 820
296 386
148 1160
271 1141
1763 1224
191 1031
1210 1197
1245 1014
719 396
968 1480
1742 1422
890 255
1970 398
205 508
1251 111
387 1181
367 1337
1694 358
167 252
20 434
1347 877
891 1378
632 1571
1883 570
1141 1390
181 1786
107 1514
1700 688
865 1379
651 1078
1389 1248
515 1992
525 175
1431 1573
1594 817
727 496
536 1991
724 1382
179 609
1348 1153
955 620
1562 764
575 1244
1190 1721
1646 1814
361 864
1113 1649
748 216
189 1037
1995 1568
69 1833
1429 314
1249 1607
861 1174
464 822
1623 584
1620 23
1337 1969
158 781
731 199
860 1823
447 599
1681 257
618 1169
391 1319
1472 1912
1588 533
1142 371
1103 1590
177 1756
1701 263
122 231
1794 366
1543 325
1212 862
846 544
1478 1133
1072 1666
764 1486
1686 191
196 138
1317 1525
649 1155
422 317
1477 1744
1080 132
535 1002
48 911
509 1715
800 166
1167 1462
1599 1304
1618 1763
1560 1533
1388 182
390 157
1135 142
1055 158
1853 397
804 924
1772 693
1111 401
986 1560
691 432
796 351
1153 525
1053 177
396 215
1505 783
1858 339
881 1750
1766 43
1564 202
317 1118
1927 1393
690 1507
885 1788
757 687
540 1512
1262 848
1501 1943
1459 1093
545 518
568 926
1326 347
1403 625
1421 1810
12 1198
466 1482
1864 499
857 458
620 39
353 1058
1702 707
1729 1528
848 731
1475 531
954 927
534 221
150 1189
921 1095
1692 1861
98 572
240 1119
1215 1506
945 1920
517 1755
163 452
1720 994
767 552
305 551
1173 1232
1532 1743
675 1487
1070 1195
611 272
901 260
518 1073
1120 671
828 1738
1038 884
513 1935
1233 697
54 1776
495 814
1487 1023
71 565
366 1563
1792 768
1576 616
1614 1566
433 1503
915 1229
234 1138
703 846
1119 465
1199 1125
18 1633
310 1980
1918 942
1817 210
201 749
903 1102
1488 1657
63 1351
913 128
479 1502
1162 1629
1381 135
430 1714
1290 1447
749 471
1195 972
737 650
169 955
677 998
164 1933
1656 169
878 1729
1278 1289
1415 1020
1392 636
443 436
1862 369
1227 409
500
2488 1426
1723 1987
1906 2444
1101 2158
1581 1945
2087 81
2475 1311
1710 1652
1261 1233
2496 1155
178 1113
1944 723
1577 820
2068 2277
2272 956
1249 2183
18 2497
2382 2476
2040 421
352 1592
2215 2373
2108 1392
69 737
162 1991
2361 1122
706 1177
428 986
296 198
1838 2394
172 1107
1204 499
1702 1436
1491 458
1044 530
924 2098
1774 511
2286 905
1529 1046
1129 1345
1235 1241
508 2104
1706 2111
2321 201
2447 291
1879 449
573 70
274 1718
689 841
2229 944
1863 1748
1638 2496
724 1168
1264 495
106 30
1770 1410
118 1744
2009 205
258 1042
59 190
1318 2337
2071 734
237 1415
2170 1055
1621 1222
1814 1031
1397 263
2476 937
222 867
1022 1876
675 187
691 1267
1063 1016
818 1033
409 1131
536 1325
26 1165
528 717
1575 2078
765 72
1965 1104
1321 1203
321 1785
1542 1185
2257 1714
570 1009
338 641
2192 33
2093 1271
1923 94
22 1248
595 1431
1704 1487
2128 1853
1847 2422
1308 2273
594 837
473 2279
1118 1795
389 701
199 1622
2204 545
326 2227
1226 2016
2440 881
745 691
1813 1249
1737 629
2404 682
186 2177
88 2326
1219 497
1061 684
1603 1176
78 2168
390 189
231 300
1514 1200
136 1158
32 1624
1285 1342
448 260
1995 2427
1114 1540
1715 377
454 606
1312 1108
1066 2299
39 2293
1642 1283
1933 112
2381 1970
218 415
564 2237
2364 1730
1545 1393
2164 2316
154 1262
1602 2049
662 498
1956 1288
1072 323
1426 1502
138 548
343 757
1632 118
596 998
1038 779
2011 181
2099 1697
845 132
2154 909
823 2430
2351 538
820 826
533 791
378 2323
1991 613
1917 2470
618 147
135 330
2384 780
1132 332
1839 1844
1146 1906
1301 1195
76 823
1040 1134
1636 992
1541 224
1220 1881
1768 1728
1087 683
1952 1291
992 269
149 1729
125 1885
133 1823
103 1044
935 1821
1381 519
1456 12
235 214
941 923
650 82
1036 2274
1027 2034
1552 2483
670 337
1524 575
1276 1813
672 1922
1148 659
539 424
1527 2353
1317 2094
1724 844
2121 2080
1511 901
309 90
1805 1272
1696 2425
361 720
1623 191
207 2412
2008 192
2231 1183
987 2209
1303 2443
2495 1189
1337 770
522 980
60 2257
184 1565
205 3
2399 957
538 194
1434 1708
882 1682
1750 1809
410 71
140 2363
119 2184
1390 61
1622 1001
1891 67
2216 481
1108 1386
1162 2223
1699 997
1427 608
11 2191
2107 877
1283 113
1787 610
857 1103
509 2066
631 292
2139 1505
660 817
2230 2248
2410 429
788 1179
531 1519
1570 1349
2205 1890
1811 2069
1033 1112
576 215
131 650
1361 1460
2140 1535
1203 307
1140 517
8 1893
641 1874
457 1702
742 1358
2318 754
2059 2397
1122 1749
896 311
485 2436
1899 526
2089 1684
1742 1060
1890 2298
2349 1518
83 2380
50 1642
1875 1620
1588 1032
325 450
2120 2136
1332 73
1364 1374
1339 50
840 1851
293 736
843 2261
2116 1581
1082 55
1277 1884
2452 1218
1096 2295
1026 2087
2415 2342
532 2051
2317 47
398 2486
787 1895
1825 1476
744 1293
2455 6
1522 1
1329 984
1850 954
3 839
890 2155
554 2013
299 2029
2421 1710
322 2371
1714 673
58 1507
1187 1412
1058 154
1271 1835
701 1373
2105 14
2485 2079
1694 2302
1353 2118
2327 1716
160 1315
197 536
842 1626
1000 137
16 1256
1749 776
1792 2007
289 417
2481 1326
444 2021
1532 253
5 1149
1263 1522
2117 933
1237 531
1051 1453
1831 729
2494 512
2196 2308
809 1466
1888 1332
726 1528
290 287
1314 1438
1568 1151
1845 1791
1198 804
1489 2386
416 1348
101 2340
835 951
854 4
397 1833
2350 1926
2438 1264
224 2246
1015 1786
1387 1457
372 240
401 1129
836 786
1684 2236
1420 109
407 725
623 1734
1288 341
1595 1725
1483 1628
1719 2238
185 355
2416 2253
669 1842
663 1532
1681 1239
1247 1279
1243 1601
1741 668
2184 1639
1510 699
1147 128
1464 2064
920 2202
1689 918
1297 577
728 134
2238 934
1773 2037
563 890
1103 1171
833 972
93 2309
1870 2462
2212 595
1246 2411
144 371
315 161
1043 170
2449 572
2394 376
1275 2004
2211 2151
943 2351
1793 999
2343 663
895 2117
2218 1742
1154 2420
504 295
1846 2375
435 2127
461 317
2057 509
2195 2498
816 1751
829 1085
1584 2377
2443 474
2433 1247
2328 738
1236 358
269 1269
1660 2050
264 767
1925 1056
608 1690
151 2199
430 942
2322 1921
754 1485
1272 148
2137 1206
465 1468
583 532
880 121
220 1088
967 10
153 907
1964 1322
124 2031
639 1018
1433 898
177 1164
127 104
2259 2242
1746 135
2362 77
2490 96
2413 1253
2329 384
1727 827
1647 1182
2023 1618
2497 680
143 1955
242 414
498 555
1755 872
2340 2235
622 885
2095 1454
1230 2304
1217 1828
77 884
633 347
1871 2367
1209 971
2306 1632
341 1673
29 1536
646 813
2165 1862
1125 1238
1274 1327
1210 1508
302 1172
2278 2215
1977 627
1841 1260
2206 647
1646 1918
1004 778
2430 707
2050 36
1319 361
634 2482
1709 5
1546 403
1290 624
903 2355
716 1002
1373 1229
718 559
253 875
735 124
156 175
695 842
884 1383
2380 2164
371 1984
773 1493
1345 264
2357 1118
1419 252
2202 2006
395 2126
107 541
1325 2360
1000
923 2731
1566 2269
2605 538
2167 1459
491 1197
2491 2541
936 1018
713 42
1035 928
358 1171
1723 1480
2816 2063
2626 1425
2820 2430
1878 1881
1473 2427
1988 1344
629 1917
1637 1591
1750 2679
1446 913
2139 2823
1507 1448
108 2900
1924 1988
1071 732
2122 208
2669 1820
11 2517
972 1145
156 1771
38 1975
1831 861
2474 2336
534 1380
2065 943
854 1447
180 2134
1367 578
789 1924
1795 1212
2579 971
293 429
1849 241
388 1592
1585 2093
2136 2069
933 2573
1173 2706
2718 1566
1134 1883
2145 1579
2227 920
303 601
2557 246
339 2395
609 217
1066 297
2972 1432
2150 2446
2822 1809
1531 690
1138 774
350 2141
2677 384
1578 1150
765 2468
1004 499
2716 835
2258 1857
1677 382
24 639
1198 89
779 854
382 1968
42 675
17 1176
2746 2784
506 1351
1624 719
2648 1174
868 316
1965 1572
1503 1882
1704 934
278 2681
1323 408
2337 1839
1568 2289
1772 1413
983 1519
1388 2013
2998 2726
1606 1887
1381 467
261 1436
1238 2703
1698 1904
296 1742
2352 2748
1409 2776
928 2700
1808 2906
176 1880
2413 1144
1876 1460
1455 2417
1655 1374
1529 2702
2924 2433
2869 2075
2398 2672
2545 1204
72 25
1683 2682
251 1415
773 2674
299 1525
963 2662
1996 1069
906 160
2560 379
2917 86
225 1740
1005 1016
2232 2770
2430 1300
814 1714
1243 976
2406 58
1867 962
1327 2480
905 433
168 1490
925 1266
2693 1909
2308 728
636 816
1191 2598
2178 2592
2201 2213
817 1708
1042 1955
1745 1603
2107 1518
1189 1851
843 2762
1759 2355
410 1655
342 1307
1148 910
1938 1240
1245 1434
216 1521
2346 1583
2638 1164
2388 1978
1163 2744
1 1927
50 2547
894 677
2928 147
2539 181
89 1371
2681 759
1601 2902
967 1623
1083 779
1535 1581
1875 2954
2988 2773
2129 2903
2265 815
2127 2140
419 439
2556 2428
2873 2415
1674 117
2394 1732
1877 1733
2688 1919
118 937
2276 1716
383 122
2827 1440
95 401
583 1614
2207 2379
2209 627
2134 1789
1347 1499
273 2286
137 2161
213 1697
1064 1766
2948 1761
569 2664
935 1113
34 169
2973 687
1219 2988
722 1458
632 2779
1593 2654
2656 2540
1906 539
101 2070
2776 1645
559 517
360 1355
2558 2491
1522 1463
2357 992
485 2284
1560 2510
2989 1119
1290 2005
2202 968
2900 2655
1951 2888
707 434
1086 1957
1307 2078
2990 583
744 180
2092 256
2304 1419
2253 1398
1590 559
2118 833
1363 2812
1441 38
1712 1780
2174 2643
727 1536
1718 906
2249 1384
2875 2628
2526 2313
754 225
1839 756
1517 1569
2199 2488
2940 2680
253 977
302 2516
2974 2780
674 726
740 2542
701 2409
1935 755
1108 1292
284 633
2434 1022
438 1886
1229 2514
1426 16
668 1347
1416 1068
2235 1138
2055 2091
1285 2495
2613 323
2170 821
1135 2172
2573 1034
483 2174
429 1363
2736 2126
35 556
711 1636
1320 412
2699 1999
2673 1438
478 1562
183 2498
2320 2995
1936 1401
2063 850
2592 2008
1273 1062
1434 1264
691 2061
1977 817
1206 2235
1094 973
638 1897
2392 2453
459 2948
909 2663
574 2586
2305 2329
2412 1888
201 1762
2640 1372
2533 300
1136 2479
2066 1421
327 2051
1633 1537
1521 2615
1331 2252
2694 990
2984 754
1672 11
774 110
1707 2206
2073 1357
2306 2391
2734 1493
1803 146
2705 1482
2692 1500
2708 2165
2457 570
850 1271
2850 289
1020 1531
2480 287
919 2538
376 582
2759 636
2255 1922
772 1884
224 1297
1708 2308
914 1160
2056 518
2342 2817
975 917
248 2564
2318 2102
79 2154
731 1941
1309 2277
1278 1920
2059 516
1392 1642
90 1201
25 1494
1588 1375
1429 689
2224 1402
732 2027
1101 175
1089 1104
1976 1558
1060 2971
837 292
1324 674
1445 2044
1915 757
1742 1855
2473 454
112 2522
1856 959
2821 335
2996 1749
2740 2688
2908 1189
257 1393
621 2957
2906 708
1250 1979
2859 1908
37 796
934 1811
2689 1928
1893 2899
1725 372
457 2147
626 1475
616 2984
391 2339
1937 794
959 114
673 2007
884 369
2094 1449
2961 576
1183 360
2251 2610
1001 702
1217 764
1916 696
1579 2393
2322 1227
1421 223
1398 1097
1431 2527
315 1680
367 1369
402 190
1834 216
109 814
1336 572
2490 2139
2039 2623
539 1381
67 715
2666 2117
1017 2534
1385 2597
1543 2878
445 2064
2154 703
2541 2337
2057 2214
1975 2953
612 172
2607 2961
2315 836
2267 1486
812 641
1110 1252
2767 2868
591 2129
643 2819
1693 2229
198 1689
2386 613
1822 1781
2615 22
2836 2124
455 1705
1724 171
1116 82
1999 1774
2830 776
628 2341
1124 1445
1321 2616
1814 62
2053 1182
2942 685
272 2251
2507 596
1289 510
2803 2274
1222 2282
1275 1141
399 2240
2941 486
1244 935
386 2232
1635 2220
840 2283
2680 387
1813 2799
235 1565
958 1110
1371 26
1880 1377
544 2915
1774 1090
1279 2714
2472 2804
1263 469
349 2624
1314 143
2375 804
597 1694
152 1295
719 2373
2407 463
1454 2095
2441 1647
1541 2614
635 399
206 751
1998 926
706 1665
2511 2381
2095 1044
1678 2314
1129 889
2115 1248
1946 1508
677 1845
368 2412
1908 2645
2018 411
2690 2617
631 6
1468 365
2140 272
2061 1400
2323 2807
1062 1841
1643 1136
175 1092
2010 960
247 1580
995 1654
219 1889
652 1506
1261 1359
2049 1188
1509 251
1701 317
1155 2199
663 2457
665 1544
2585 758
2041 645
1359 2820
1157 106
1397 1192
1997 505
1344 783
2447 515
2198 752
2751 2382
195 2860
2588 2033
1128 1586
199 79
2004 1118
2629 1157
1549 2474
1487 2046
2829 2505
1762 2992
2503 443
114 1047
1316 1043
787 1816
2221 2847
2340 1007
2895 1891
1467 1728
321 2818
1833 200
2001 191
2248 1284
979 1896
2058 2923
2932 455
374 819
1332 269
1989 2917
369 1427
2428 643
2892 1206
2809 1831
322 2352
1166 56
2722 1725
381 897
2664 2105
1419 2045
1780 1810
54 260
2567 315
2532 2727
2596 20
1648 790
2366 388
799 2133
2884 473
2345 1485
931 104
2296 203
2586 720
1897 2966
408 1552
757 1094
737 2295
604 1929
33 2831
2302 2814
2837 325
2953 2197
328 307
2149 1984
1199 1283
473 624
2724 2057
1032 1130
945 1784
2583 1057
2646 1523
708 2836
449 1646
316 2896
1746 1109
964 2993
1227 2841
311 791
7 798
1891 1330
125 2399
2597 2467
217 2421
2290 965
2926 1067
976 1035
1028 839
2789 1598
136 2753
471 1688
2965 2183
2106 2584
2987 202
1292 215
2069 1152
2046 2264
764 2281
1649 662
97 872
1330 1151
2616 284
2702 158
2678 586
2754 1678
633 536
352 2125
2043 2328
1629 2218
1190 1424
1038 1255
163 2778
1918 7
2935 1940
2684 2018
2844 1417
127 2109
1864 71
1366 1124
2679 501
1225 849
123 2350
989 2228
1145 1492
1775 431
2214 27
1830 205
1919 2704
2936 2425
710 1321
2358 1325
1396 530
2009 885
2292 1982
2904 1430
1478 1298
2335 866
2038 631
763 2931
1460 2685
522 2153
2186 1012
1494 2587
2429 94
2325 1098
1562 2849
1961 354
324 1587
688 2833
2332 881
6 575
579 2332
1065 2886
154 788
1204 579
792 718
2788 2369
379 157
1957 1243
1617 1409
392 679
2293 1225
590 2319
1838 2200
395 667
2086 1
816 623
610 2612
563 1075
258 2256
1070 863
1237 560
980 2322
1843 340
2547 2737
2463 159
2952 1029
354 2323
1664 2846
2960 2454
1753 453
2044 2693
965 1072
650 1122
741 894
2717 1854
2101 1730
1050 568
263 1495
2297 1426
1665 1489
523 1872
8 2387
552 1567
1645 1976
1282 2733
162 1715
2531 1216
2878 2760
1809 1925
2047 2746
1797 666
1824 2226
2617 2302
1922 1932
1053 2455
372 2243
547 1915
1941 2626
1061 1305
961 1890
662 1011
1260 1115
1519 1991
681 108
2022 74
110 2562
276 2145
2534 367
1201 2035
1298 1132
49 2484
1252 1100
184 1674
2097 1477
2002 1036
550 2561
527 507
287 332
1582 1613
1126 2739
1685 2695
1115 604
775 1698
1400 2392
304 2208
2618 1995
2343 2889
2177 1981
912 2609
1277 724
2934 2143
2324 2997
1340 2231
373 1239
47 2201
1152 2513
895 1532
1418 1241
268 488
1406 1232
2512 442
2834 813
1894 2189
1488 1361
2914 2608
943 2712
1720 2367
413 1465
526 85
1907 2490
1802 2792
409 1633
1452 1383
803 946
2397 2755
1820 2180
1901 767
1154 2150
2582 421
2682 895
776 1172
87 282
1457 2239
440 1832
1059 2398
166 1063
2571 706
103 727
2426 2656
1084 1700
1760 2798
1095 151
2907 320
2840 1631
181 2898
1437 1352
749 2257
1548 1040
2498 523
2817 250
2475 341
524 2520
605 876
428 2462
1164 2774
15 2136
690 1002
461 348
1081 1551
993 334
2635 1288
1706 1913
470 1326
1139 1617
1646 2405
203 1522
1618 1817
2828 2611
1960 417
1613 2494
18 2110
334 738
2598 609
84 2696
1476 614
2184 1076
65 1683
2374 1685
982 1954
2133 2438
2347 529
2508 2478
714 1828
1100 2343
823 611
1702 1041
1195 657
2842 249
371 2440
2864 2941
1845 550
1221 1303
2725 2962
433 311
2147 477
2096 753
286 1451
1990 1615
370 1502
2042 451
2064 1304
1514 1721
866 793
1642 2191
750 2960
2962 1701
542 2955
1353 2006
1450 955
2911 2065
1214 1977
1586 2192
1465 1028
996 2717
2979 2320
1846 970
64 1231
767 1593
2052 980
2621 2233
947 376
649 2410
1968 1776
921 165
2464 1263
1569 1014
860 1101
75 619
1091 123
997 1744
1057 2223
2350 1658
1827 319
1696 2909
2033 2327
1787 1964
2574 1541
639 1052
2806 668
2810 1801
200 1867
330 899
1039 68
2564 1148
2766 2437
2311 1695
2739 1389
2226 2255
1754 1574
1630 750
1288 364
1964 491
572 1219
622 1948
1534 1877
1607 2040
98 1406
1778 336
2108 2858
600 1651
1940 351
2029 327
2395 1256
807 1668
944 2041
2400 1159
2229 1648
1737 2080
1280 731
336 1497
1151 350
1175 712
768 1348
2514 1874
407 2385
1306 911
283 1215
1215 537
2382 120
869 1338
1513 2317
289 748
2658 1286
1609 991
2714 1756
2945 1342
2614 266
520 2828
1687 1229
1119 1785
596 1754
63 1006
1407 275
1510 228
436 2822
2024 1267
1274 1802
1477 1200
495 466
948 51
492 140
1099 386
1349 2574
619 347
2445 1675
891 1848
2189 1410
2554 922
818 1129
1858 1912
2074 425
2630 912
1093 2238
2506 46
423 565
2143 1962
300 1060
2916 1331
1955 2990
1411 142
10 14
306 1096
1788 1131
499 2224
2787 2383
335 253
2704 787
1251 612
365 1596
2775 1830
2455 39
815 998
1264 634
1771 1949
1171 416
2835 908
2551 1196
1502 1996
1109 1364
172 370
2188 1564
977 567
9 2815
1638 1470
159 413
1378 1808
553 2113
2515 1285
2537 459
0