5
19 15
7 13
5 7
6 8
1 2
5
37 40
15 85
58 39
81 82
25 95
5
69 15
80 44
97 58
17 34
63 14
15
156 163
196 23
243 191
107 237
62 132
30 14
59 111
20 188
60 155
184 216
112 27
105 56
179 120
85 8
97 144
30
11 61
435 39
496 139
359 416
249 37
237 147
54 80
349 116
10 449
124 302
155 102
141 241
32 169
62 359
226 289
232 220
41 243
139 162
355 184
72 440
45 115
403 346
481 221
255 98
108 124
224 342
60 301
160 26
185 453
49 399
60
912 374
990 109
932 89
336 20
612 439
15 533
1000 892
125 299
496 591
966 863
698 548
929 153
744 710
166 252
512 65
840 930
342 663
685 231
416 699
378 791
720 397
689 622
964 503
557 599
149 830
790 513
752 996
768 873
357 106
766 359
199 430
581 240
443 752
101 820
44 264
731 169
462 370
146 288
162 964
868 238
938 639
814 78
132 796
853 569
264 597
592 876
682 814
819 536
212 642
29 518
504 432
723 725
256 436
360 156
176 613
391 583
495 564
874 66
346 50
987 234
125
1179 1454
24 952
247 288
938 1009
163 1473
243 754
909 126
1414 1108
860 1289
50 68
292 1117
661 1017
755 281
1455 265
944 918
1449 610
1438 1267
23 758
607 365
758 1029
509 970
998 1049
1183 1024
1174 507
1325 289
467 813
71 218
941 467
402 714
818 594
717 1481
361 1043
1175 1060
1088 363
602 537
1446 100
1069 209
374 827
605 874
1340 844
252 854
355 210
2 120
622 947
1344 1053
1450 1242
862 24
27 211
527 942
443 331
404 1377
800 437
389 510
1294 1475
15 724
140 1189
351 1363
126 705
513 551
485 1205
1036 588
332 713
728 908
822 267
638 1341
1482 1118
965 963
539 199
852 1149
1475 1183
480 92
657 670
153 1094
813 1120
54 871
138 421
571 427
1467 1392
1100 290
578 984
105 965
26 444
775 919
267 1263
356 1385
1171 291
74 1463
1019 465
463 901
442 982
1062 1202
261 212
496 788
1392 1164
1053 320
18 1180
341 138
45 762
220 367
693 457
1322 1150
1409 463
621 312
600 234
150 1058
91 858
1495 697
259 347
1305 944
1268 152
345 967
1013 616
1135 301
1390 1346
432 769
1398 698
751 6
187 1416
34 1092
701 223
816 842
367 441
1106 480
66 206
520 1311
250
649 1426
1624 487
1877 634
748 755
1352 698
390 970
715 672
216 1070
497 213
928 160
1368 1985
1511 151
338 399
812 1699
1127 1570
1946 264
895 871
631 478
448 778
1295 1095
564 1451
1281 1619
671 1489
823 705
1264 60
375 1526
359 1049
435 5
1741 688
211 1816
1837 1261
466 1145
608 505
1828 351
298 241
1076 616
599 535
203 55
792 439
388 991
713 877
110 321
1829 117
130 1586
1195 1205
849 322
484 800
807 667
340 1118
1888 407
337 1318
281 1865
112 730
1339 892
15 1455
167 488
1563 542
577 881
67 1834
562 1905
1452 1827
57 184
1558 858
1154 657
1199 1350
1626 54
1543 902
818 278
1176 1714
566 1255
1594 1615
374 1598
1423 1839
5 699
1357 1560
1461 419
1065 1047
109 424
98 1496
1748 1186
1158 961
1499 492
1049 1147
1021 1700
1981 1239
380 336
1562 62
168 979
1081 1029
1256 1802
1927 1557
1598 984
392 512
1633 958
1419 250
331 332
1935 598
176 6
222 1248
1306 537
567 511
1969 556
1636 467
356 1684
58 77
1602 1014
228 1180
255 465
55 1438
463 1967
1033 1225
19 552
446 1625
1378 1944
1923 42
1100 1490
1055 1497
1941 294
1510 123
318 1232
653 1868
634 21
806 140
1547 983
1980 462
1257 1043
419 245
796 864
933 1975
1908 1396
1905 97
1431 275
1574 1308
1918 458
688 879
1680 1486
1585 693
820 706
1460 750
1071 450
931 917
909 457
1806 1398
1690 663
963 34
1005 1943
133 1561
1097 146
743 1018
1283 1897
1448 1397
1003 742
1041 1495
1237 1485
956 1739
668 1761
136 1611
248 1870
457 978
1126 559
984 710
28 1525
1756 997
801 1224
367 1094
490 374
16 1238
1094 1292
1258 1423
953 639
384 1150
1679 1964
809 852
957 1671
104 310
1261 768
119 1587
891 1054
511 1710
172 1919
1887 296
1795 1008
78 1281
83 990
1845 681
131 760
257 1645
596 508
1274 545
1512 953
1317 1719
1310 66
734 71
1813 1582
120 1321
1386 1143
432 199
1214 1794
1835 1857
513 862
1054 247
492 636
1057 1636
425 1075
633 266
1115 967
9 267
657 583
736 9
66 828
739 1659
667 83
272 1183
1616 1776
1799 594
1982 1950
207 1345
731 1369
153 827
576 1554
1893 1731
1559 1809
1403 44
523 1513
128 550
1487 658
1096 327
278 883
1915 971
1862 1263
1990 861
1330 954
1181 1010
1876 175
1726 1792
253 506
357 1117
1849 1275
709 711
1103 1929
213 406
345 394
280 799
1040 1626
348 840
1910 571
423 427
1004 1790
311 432
987 718
500
2045 1140
1927 1041
1965 1556
1132 554
1793 1408
456 2160
732 1359
1256 1719
44 360
837 2302
1404 125
933 2307
2424 1941
1871 913
1399 1089
1488 233
1038 2492
2314 17
2002 562
1896 497
1980 515
490 915
230 2243
818 1662
1905 1080
811 1317
997 909
2249 1504
1505 1826
2117 2203
739 997
1103 1414
2498 823
1853 917
1970 2408
621 2117
2067 2194
2062 142
853 1423
1351 276
2439 597
531 637
514 1298
1353 2429
1742 1734
2334 1360
615 485
265 1907
1264 2268
152 824
1809 1352
669 1798
2102 1933
1595 1842
2372 176
1594 2353
772 1879
1656 1684
550 2241
1406 268
2167 252
1170 1862
1174 470
1934 674
1088 2168
1697 2329
2006 329
1305 535
2406 749
352 777
1911 451
184 1886
1736 617
361 2395
216 985
517 1812
1359 1054
1858 2022
778 2400
130 949
2262 450
229 839
2428 1061
288 946
532 2323
1895 1473
1550 353
2344 2118
1877 1442
2036 2315
649 1610
2016 2217
2466 847
2333 160
626 152
98 1277
865 773
394 2094
1620 180
428 2065
2416 1275
403 1133
1722 1209
1243 1856
1993 2266
2463 2078
2370 2280
1981 789
2 605
1410 389
2410 1825
2065 1331
1148 1942
325 580
1709 1759
1919 1732
2083 1120
2108 311
2193 1244
914 85
2126 1782
682 1417
710 107
1336 424
984 929
527 1163
2280 70
433 357
1851 620
1779 1709
217 648
2293 906
2197 2488
176 655
369 1128
1712 886
840 1439
1721 629
1611 492
1884 1586
1944 1086
91 101
1522 1083
1266 1725
1690 1330
2277 172
2140 1178
458 988
1596 124
1885 2459
1945 2135
363 2466
1398 1854
294 737
169 295
1764 1144
1396 1337
2465 634
1325 1370
1360 1366
2476 1736
1246 315
1485 149
671 695
2162 1867
1626 2265
1548 696
1054 1313
1472 666
1676 901
2041 1914
231 2009
1963 2167
2022 1786
206 1977
2447 1503
1687 635
1914 1743
343 114
2304 1532
754 1212
148 100
610 838
1891 2441
2231 774
2018 621
838 1845
364 601
1387 1059
1531 1304
1637 2349
1861 2091
164 931
499 661
924 990
1471 1701
1790 1124
1313 864
311 1009
1841 2438
872 999
1327 1765
1361 875
2052 973
382 2045
1683 1580
1798 1979
1476 2326
37 1686
814 2195
303 771
667 2231
1775 1215
1200 1731
1109 1753
1047 1849
2145 2199
156 561
1299 1062
769 636
1632 2331
457 1425
1012 235
952 509
717 2111
1216 2406
1291 2275
723 1224
1744 2368
1554 717
1915 1305
205 1097
1773 537
454 1008
1315 2142
1674 1467
1425 343
344 1982
1493 1984
157 606
2151 1562
854 916
503 2338
2133 282
1450 59
795 133
2009 2165
1057 250
1021 393
1189 738
2179 1927
1720 1355
471 1231
385 2106
1409 616
56 603
638 959
1625 2130
1085 568
1543 2031
589 1072
1974 854
2457 1272
2473 1769
575 991
1126 2216
2318 595
2032 2018
1517 1429
1757 1836
1350 2393
1816 2473
72 426
239 1257
2359 858
1893 173
1074 1998
480 2129
2291 941
70 2336
697 64
1995 374
1750 335
189 1078
605 384
251 2498
1883 1247
1446 73
2405 1926
1102 1351
299 1038
885 33
1025 2414
1641 1948
2148 217
579 624
803 2183
633 665
278 1754
1943 1858
1807 1454
1296 199
810 409
306 1496
1859 2
181 556
730 1379
1029 1563
2492 2158
66 2255
1067 851
1511 2425
1549 1453
170 687
90 2157
765 2220
848 289
996 220
122 2097
63 166
1888 1400
2358 1792
420 1154
1308 639
1583 609
120 736
993 214
188 2164
889 2423
898 989
1045 1637
2116 975
1824 1560
438 860
709 310
842 1674
1533 2357
797 92
87 1774
2159 200
218 996
1453 2410
1214 1516
2157 754
2444 2499
1001 1615
2049 1601
1740 559
292 342
1541 1647
784 354
2279 1345
1581 2476
1875 2154
1491 213
260 43
2078 632
2371 1499
1989 2304
2361 685
1780 673
566 1899
1551 1306
636 2178
565 1582
1080 1650
945 1117
2189 381
1252 1552
2048 484
521 1823
1013 1846
36 1646
1524 1279
222 1841
2021 1612
1942 657
1532 727
1244 108
84 1193
1383 2102
1664 1294
746 1295
702 1251
2005 288
1151 234
1496 230
2107 120
557 2236
32 1745
99 1249
831 2133
1444 30
2069 1174
193 1869
2485 440
1119 2291
2246 221
2251 457
1501 951
346 1540
1447 730
1619 1431
1653 1046
285 1555
101 292
1700 2330
823 1604
128 98
2403 1827
534 190
27 265
2222 2134
2044 548
1258 319
640 908
786 2364
612 651
1295 1873
235 2230
902 489
2391 439
1497 2103
1288 1690
1814 545
1575 425
1931 2399
1392 412
606 1700
1194 598
1812 937
1951 868
1019 1649
1716 611
2396 110
512 445
1185 2207
1042 2227
1198 1569
1552 1822
1570 1122
553 840
484 96
1283 481
2131 1471
2064 209
34 1378
21 650
1169 2433
2236 118
338 1534
358 206
2301 174
493 874
1272 2335
1573 1037
1420 1635
298 1954
1838 553
684 1840
485 279
2376 2148
366 1420
453 469
868 58
2271 322
1022 135
950 887
2353 278
1187 2356
1318 2354
2300 1115
1381 1016
563 2456
2094 967
1847 274
1808 2464
160 1996
1705 382
609 1820
1954 714
444 1383
1065 728
508 328
1137 701
154 1099
2211 430
802 1814
683 1699
2053 1557
1976 766
2074 1573
1960 477
441 1136
2464 600
117 591
1077 2171
129 2362
1961 327
190 2173
1000
1560 421
2525 2629
1928 1010
1615 2274
868 1299
1214 1775
1459 2081
1841 354
2510 886
2509 771
756 2393
2683 360
2452 440
1026 1216
1068 2431
815 2188
793 752
1489 635
1968 2347
1698 2621
917 2401
2979 731
1050 107
455 1940
1659 2481
1124 1739
1407 2495
1453 551
2793 1658
1307 411
1287 2612
2988 2255
323 1948
2285 2486
89 1378
2212 1995
160 265
2353 709
348 2454
471 1226
139 160
157 2651
1159 400
2346 2020
819 2259
976 1920
50 629
1496 1322
1692 2497
798 1015
362 2614
350 2010
1244 444
1031 1119
553 2872
216 2652
1823 2963
768 2453
300 1362
786 1992
820 802
2617 184
1362 976
821 2565
2598 462
812 1596
2592 1999
1963 1201
2254 200
137 1441
1178 2339
935 180
2430 1688
2157 2430
1590 1601
2506 1951
1127 12
1355 554
2070 2633
2262 2787
252 1607
335 2335
1440 903
905 1805
560 1307
2730 845
1925 2819
2664 158
2500 2260
2139 37
1505 2870
548 2177
2738 2546
2134 273
2852 151
2545 2760
2190 2627
660 1415
1324 1861
100 244
1567 1009
2867 794
499 2939
1986 2513
329 2639
2585 335
2806 96
2838 519
1372 2112
1589 2313
1023 2792
1224 1283
187 488
175 1830
404 761
1969 1515
261 153
2699 1832
1061 1647
2048 902
519 63
1354 853
1290 1184
176 1450
913 1100
736 311
2675 1328
583 1267
356 1205
1743 2285
1069 1095
568 267
2211 2460
403 1463
364 1878
2466 973
1943 340
2588 2654
1491 22
855 2809
1064 807
618 1782
1559 1403
1219 1036
1253 2306
929 1390
1130 299
2583 1545
1642 584
1142 2457
193 2990
2303 1942
2919 962
2627 1617
814 284
1859 1290
2897 978
1769 1425
2423 1456
2431 2507
1616 1583
343 1135
2063 1652
1378 2370
873 2554
1277 2893
2994 148
2540 2698
1129 1330
2091 571
33 1571
822 2064
45 2104
392 2740
2480 347
1001 2499
98 2110
2444 2733
2325 2807
2357 1167
2019 565
1568 491
208 2899
2709 2181
2177 2206
2679 1418
2435 728
1475 465
2920 1089
1646 1918
1555 1367
2904 2471
2192 2341
1774 2539
949 210
1662 713
154 376
2422 2336
699 1771
111 1222
2249 927
1710 2377
1708 2848
1243 2111
129 1869
2003 194
2780 30
2637 2319
302 1180
2059 2488
1521 2243
2859 1021
2204 820
999 2716
509 2935
421 2385
472 447
2526 1078
401 759
1844 1612
1898 1206
179 1664
2414 848
1456 263
378 1057
1536 1104
254 168
25 2373
1513 175
843 312
1492 2852
1470 1875
14 971
2459 1253
2626 661
1442 2037
951 2180
2768 1202
1780 2691
2471 487
1997 132
2945 1745
686 1626
972 88
1656 2485
1070 384
679 1368
1317 1525
2633 797
698 2328
2064 1162
2161 2282
2954 1041
551 2944
2667 1301
307 2867
155 35
2692 1712
2475 2946
1820 2785
2312 1759
867 2186
462 537
1595 1984
183 1527
93 2500
1301 1060
132 758
165 959
296 595
1044 2467
1645 2025
728 1128
2457 2236
192 1130
1030 220
953 1482
398 71
2299 2777
1834 947
1860 368
201 275
1233 654
1075 2977
757 2068
2750 617
1101 2695
1251 606
2344 1812
645 2140
2497 1854
2445 391
2151 615
2132 293
2982 1213
2570 343
2862 2538
138 316
1164 2999
459 2830
482 1175
2145 1615
2310 337
498 2095
2833 2707
2179 2375
2578 970
2154 1451
2953 1024
1474 2269
1598 93
44 216
198 92
2908 2160
2413 2902
1220 1483
1858 1749
2636 861
1246 1231
2170 1544
2814 773
1964 1445
2761 2
1719 767
1384 2913
148 1357
1033 994
881 2271
1099 2067
1055 2223
813 2392
2779 1911
2079 1351
896 300
709 1636
647 481
2361 2880
1424 2965
2396 1083
715 2922
2610 2175
86 631
1518 1062
2490 1304
266 1908
792 750
1197 1945
212 1296
2277 1837
2853 1840
2529 2962
1596 1379
2902 547
1037 1247
1139 2914
2516 778
233 2620
460 2149
2329 2894
190 261
2424 1444
2365 2748
2496 23
1206 2254
1929 546
2264 2690
2282 1598
1041 2074
665 2720
2286 85
2802 1748
1340 125
2013 963
447 1967
255 2091
30 924
324 2137
1423 43
788 1931
1166 710
1778 2975
188 567
770 25
2551 1397
1394 2264
2131 1006
2 536
480 2996
1100 2523
2752 659
1978 2119
2913 419
701 950
1923 1496
974 1315
597 430
1691 1111
351 929
773 869
1086 1197
2586 2701
390 377
1356 2674
1279 1674
1115 1082
1874 1269
1449 1246
1628 1339
721 539
2416 669
651 2367
420 2413
2439 1909
1507 954
1773 2204
1309 2150
1096 2191
1458 2648
429 805
1649 671
2649 2794
16 1014
2376 321
1230 1873
159 101
1134 233
21 1122
1183 630
1920 1289
1625 2244
2317 586
716 472
1831 975
1647 1635
1655 9
980 2689
1620 2120
1571 394
523 2575
863 313
2112 1326
2358 1003
1022 2885
2788 2242
779 821
938 296
1345 235
781 983
557 784
1788 2061
2340 2796
2715 2018
1410 2969
2745 1694
2910 1105
1580 977
2613 1507
2965 673
2087 1047
2975 1740
1680 2824
1036 1013
2906 844
2615 2519
1291 2411
1304 2643
1558 926
1677 621
1854 83
2241 734
2335 685
1795 290
1174 883
2292 2704
2723 1829
1965 1319
454 1767
2363 1054
2822 1560
2866 1432
2742 1574
2069 458
629 2006
1374 1770
205 1144
811 2767
2253 1843
1702 489
2039 1324
2830 449
2106 2036
1209 838
1419 612
2191 2877
810 268
2725 59
518 2932
1082 622
2002 2359
1777 2793
2951 645
2625 1255
1172 912
506 2249
2313 1017
975 2051
2801 1627
2560 859
505 412
2268 1343
180 2353
2911 2916
1368 569
46 966
2995 1980
1190 2954
1298 2597
2301 78
143 1795
1348 2591
1299 2517
2820 509
1683 2844
258 197
2999 2640
2469 1281
2503 2107
2691 2356
2652 442
377 513
804 2330
1056 2924
1745 1939
430 2728
20 1925
2060 1628
1801 1059
272 559
1884 1064
1663 866
2505 2799
2964 1665
1284 2491
2371 1260
2223 332
569 278
2389 1965
2991 1719
1540 2441
1408 1116
1312 36
493 610
2158 663
969 2970
424 247
1821 2396
876 2993
1140 166
1012 1439
2764 2988
538 2957
2971 1131
2990 730
2311 502
1639 1252
967 1494
2437 133
1724 2226
1967 1851
247 1198
2400 1844
634 1915
1857 217
853 2444
2783 986
576 1163
2415 2784
2882 2511
842 113
543 689
2565 1974
236 1261
1614 1756
862 390
586 2322
2831 674
575 1195
671 315
2078 495
2698 1786
2891 498
1376 1028
2593 2346
2638 1586
1296 865
1758 1898
2221 605
936 257
2817 252
2803 592
1455 815
2494 2624
48 2540
1154 2738
2251 2578
1032 1963
1934 1588
1563 1982
835 1219
120 2672
2705 2165
1840 1603
1945 2532
1793 1117
708 2451
2634 2600
298 871
2682 1651
264 573
1302 572
2399 1454
740 2732
425 100
297 1947
1651 2754
1973 1223
2067 905
1781 1277
836 1685
1306 1080
809 898
352 1416
1882 2606
1092 2915
1305 1811
2366 2032
2015 1957
2710 729
1121 1464
760 1511
893 464
658 1818
2245 477
2332 2515
1557 2270
2669 1091
1443 2409
26 310
1689 812
1797 1474
1342 353
2235 2661
2076 2601
259 1864
1666 507
1106 1238
2088 185
2539 1336
2829 733
2364 2472
1810 506
2278 633
712 1185
1768 1383
417 414
2521 2325
579 2776
2451 1278
2819 106
1337 1487
2931 204
1806 668
52 1592
457 1467
537 2275
1742 701
982 342
2378 1245
2380 410
152 1710
2950 2002
280 1906
2623 2014
530 1737
2308 2156
790 803
2685 1284
817 2419
818 2496
996 2520
2260 1193
879 2611
2403 1701
2914 73
2707 568
1187 702
2746 2361
262 2250
2511 1800
2394 2230
2804 540
1794 1897
669 1858
2903 1327
1816 2526
687 1345
1238 1752
2563 438
616 2647
1889 764
2577 1097
2763 2766
1550 242
1648 1449
2857 2503
2574 1401
449 712
1472 1912
336 1500
2318 810
99 1334
5 2202
1171 836
1573 75
415 2927
730 2810
2355 1056
2694 1106
944 1200
2530 466
1400 817
1946 286
2201 707
1288 2414
2217 1848
2696 1562
2607 2642
319 2001
274 1428
2120 1894
2872 1806
1938 445
145 686
2025 2390
2342 597
501 1863
107 1575
2700 1055
1232 1520
615 1732
2370 159
1020 915
2787 371
1162 1578
864 2143
517 455
128 104
66 2062
921 2482
1128 146
1523 2566
2135 1381
2528 2277
136 2567
1208 2493
1674 1314
2250 864
1167 2127
2865 1087
2548 179
60 301
177 2048
807 2047
1434 2310
57 1919
2557 2850
2941 1884
871 1065
1763 1714
379 1661
2748 1871
489 10
151 1990
1035 1232
235 679
1519 1235
2351 1778
841 2753
1165 2593
2781 2432
694 1968
2776 2714
1077 2617
497 1656
2485 1356
986 888
598 2066
1731 291
2581 1411
1979 776
1766 501
199 2443
444 1521
844 2240
1725 2628
960 193
525 2123
1336 406
15 2798
1672 1186
2556 1001
834 666
1383 1643
1547 2659
1511 152
2382 398
1776 1566
849 698
1927 1660
2482 480
288 1797
2680 2782
72 1435
2684 2169
1607 704
998 743
2018 2354
1606 2407
306 24
898 248
2796 2196
1114 1417
1191 2098
2367 110
1876 1310
968 1846
49 1159
628 2775
532 1224
2654 1581
2174 2157
1241 1703
1510 2153
541 1053
2323 2505
1254 1783
2594 2146
643 1691
123 229
574 1856
2368 225
955 2638
1466 717
1021 2602
380 2246
2523 1744
2229 809
1213 1124
729 2446
2093 1847
1179 884
775 843
601 2925
718 38
1000 1791
649 409
664 1311
891 2744
1601 269
2718 2257
12 1631
2900 2224
428 2768
2938 99
1441 228
2180 511
204 176
23 318
1382 2421
442 2466
62 1398
2561 81
572 1668
2127 2666
2449 525
2216 2552
437 2262
702 2381
194 2134
2081 914
172 1273
147 2995
1610 1436
1772 427
987 341
1125 830
2109 1375
31 207
2747 314
1867 753
2841 1796
2387 1152
220 1250
1917 2853
451 917
1985 936
704 2448
2701 560
305 1115
2895 1910
426 1113
1775 1903
1815 2079
2035 1363
443 29
2848 2050
869 725
2708 2159
536 2286
971 97
2957 1558
2029 801
94 1614
1136 1476
96 237
1143 1120
2236 2692
2987 2644
2082 696
2261 198
244 2138
1608 988
1346 2388
2172 1170
2197 670
1275 1731
2879 1763
2207 2144
2784 990
1267 1249
2493 2989
2823 1907
2116 1203
2532 1510
1552 979
287 1933
726 1266
1636 131
1961 234
2030 1802
2173 2183
2519 1765
1948 2874
988 356
2057 2791
1704 1804
19 2656
882 598
2052 579
1380 91
1264 1081
2433 1949
571 2461
416 1519
347 494
2533 2610
130 1985
1231 514
1919 1086
2905 1746
1665 1221
6 2268
677 1927
435 1616
56 667
620 1151
735 2045
1755 11
2734 173
925 109
427 2514
1051 1725
555 355
2293 2703
1909 1698
330 351
1749 1559
11 958
2148 482
1792 95
400 1396
824 365
322 687
1247 2492
2097 2397
511 121
540 2746
1706 2938
278 1663
2923 1956
0