5

04 03
1001101
0111011
0001001
1101011
1010111
0100110
1110111

03 01
1001101
0011110
0001001
0100010
0111110
0100110
1110111

07 20
10010011010111111101100111000111111001101
01100001000101110001111110011010111111101
10011100011001111111000101000001000011011
10111011111001010111000101011010111111101
10011100011111101111011101010111100110101
11100001010100000111011100110111011101100
00000001111000000100010001001001011110000
11111101010101010101010101010101001010101
00011111010010111110000110101010101010111

08 19
10010011010111111101100111000111111001101
01111111011001110001111110011010111111101
10011100011001111111011101110111111111011
10111011111001101110111011111010111111101
10011100011111101111011101010111100110101
11111101100111000111011100110111011101100
00000001111000000100010001001001011110000
11111101010101010101010101010101001010101
00011111010010111110000110101010101010111
00000001111000000100010001001001011110000
11111101010101010101010101010101001010101
00011111010010111110000110101010101010111

22 16
1001001101011111110110011100011111100110101111111011001110001111110011010111111101
1001110001100111111101110111011111111101110111011111001101110111011111010111111101
1001110001111110111101110101011110011010111111101100111000111011100110111011101100
0000000111100000010001000100100101111000011111101010101010101010101010101001010101
0001111101001011111000011010101010101011100000001111000000100010001001001011110000
1111110101010101010101010101010100101010100011111010010111110000110101010101010111
1001001101011111110110011100011111100110101111111011001110001111110011010111111101
1001110001100111111101110111011111111101110111011111001101110111011111010111111101
1001110001111110111101110101011110011010111111101100111000111011100110111011101100
0000000111100000010001000100100101111000011111101010101010101010101010101001010101
0001111101001011111000011010101010101011100000001111000000100010001001001011110000
1111110101010101010101010101010100101010100011111010010111110000110101010101010111
1001001101011111110110011100011111100110101111111011001110001111110011010111111101
1001110001100111111101110111011111111101110111011111001101110111011111010111111101
1001110001111110111101110101011110011010111111101100111000111011100110111011101100
0000000111100000010001000100100101111000011111101010101010101010101010101001010101
0001111101001011111000011010101010101011100000001111000000100010001001001011110000
1111110101010001010101010101010100101010100011111010010111110000110101010101010111
1001001101010111110110011100011111100110101111111011001110001111110011010111111101
1001110001100111111101110111011111111101110111011111001101110111011111010111111101
1001110001110110111101110101011110011010111111101100111000111011100110111011101100
0000000111100000010001000100100101111000011111101010101010101010101010101001010101
0001111101001011111000011010101010101011100000001111000000100010001001001011110000
1111110101010101010101010101010100101010100011111010010111110000110101010101010111
