7 8
46 9 87 24 64 24 59
67 9 43 67 54 46 64 24
10 10
1 2 3 4 5 6 7 8 9 10
10 9 8 7 6 5 4 3 2 1
18 44
14 5 4 3 1 1 8 2 3 2 14 6 10 2 13 16 7 15
25 28 9 43 13 35 43 39 33 17 16 37 39 27 38 34 15 25 4 41 16 21 6 12 3 8 41 4 25 31 9 25 42 29 44 6 2 29 16 1 43 9 1 38
50 50
57 72 71 100 15 63 16 99 40 84 79 95 92 50 30 90 72 71 9 16 37 77 49 67 41 76 36 76 79 82 60 69 74 40 48 61 74 45 97 37 87 20 73 61 21 27 70 34 37 17
22 64 7 46 98 93 29 21 92 27 21 76 18 96 21 71 44 59 56 89 71 84 65 18 89 43 23 10 30 100 43 88 51 34 2 73 21 25 73 38 100 26 34 55 93 4 93 85 40 66
99 99
7 2 5 8 10 1 1 4 6 9 9 5 1 5 3 4 7 6 2 1 7 8 2 10 7 3 2 9 7 5 1 10 4 10 3 6 6 7 1 2 8 4 6 10 9 2 1 4 6 3 6 6 5 2 5 2 10 8 8 10 2 6 7 7 8 5 6 8 1 1 7 1 1 5 8 3 8 10 3 9 5 3 8 6 8 3 8 6 10 1 6 10 2 7 7 3 7 4 9
6 1 4 10 8 8 2 7 4 7 1 3 9 4 1 4 8 4 6 3 4 10 8 4 6 8 3 5 5 1 3 8 3 2 4 6 1 4 1 6 10 6 2 1 5 6 9 4 4 7 5 4 4 1 4 8 6 1 5 3 9 10 4 4 1 1 1 2 4 6 3 3 5 2 2 1 9 9 8 5 4 6 3 3 4 5 2 1 6 3 5 6 1 1 2 7 4 2 10
100 50
57 59 91 26 51 31 78 41 65 49 70 85 72 14 4 50 66 48 65 59 68 70 32 20 79 61 52 89 24 72 75 89 86 14 32 47 75 99 42 45 18 60 2 2 15 23 35 54 99 31 8 23 21 43 50 95 17 97 70 27 64 73 73 73 93 90 66 13 19 81 36 57 46 83 81 39 90 53 37 8 21 62 71 45 65 19 85 76 75 8 23 48 58 37 22 98 30 28 1 33
1 2 3 4 5 6 7 8 9 10 11 12 13 14 15 16 17 18 19 20 21 22 23 24 25 26 27 28 29 30 31 32 33 34 35 36 37 38 39 40 41 42 43 44 45 46 47 48 49 50
98 100
98 97 96 95 94 93 92 91 90 89 88 87 86 85 84 83 82 81 80 79 78 77 76 75 74 73 72 71 70 69 68 67 66 65 64 63 62 61 60 59 58 57 56 55 54 53 52 51 50 49 48 47 46 45 44 43 42 41 40 39 38 37 36 35 34 33 32 31 30 29 28 27 26 25 24 23 22 21 20 19 18 17 16 15 14 13 12 11 10 9 8 7 6 5 4 3 2 1
24 40 59 71 6 87 73 90 88 77 27 31 75 9 93 56 96 63 28 69 35 98 56 16 67 35 44 81 77 35 83 19 73 69 62 38 46 13 96 72 58 92 53 1 37 29 1 68 16 55 35 71 61 32 25 70 53 74 11 27 7 64 76 32 75 83 63 77 97 25 98 72 47 14 11 14 12 53 44 20 39 69 96 89 27 45 66 14 8 21 66 31 34 18 62 76 8 51 19 80
100 100
52 38 28 65 25 91 2 19 11 61 21 10 79 4 22 62 68 39 34 33 87 43 70 52 96 86 1 28 60 65 24 63 99 11 49 49 67 51 76 98 97 77 22 81 68 84 14 97 32 42 70 95 25 12 17 99 76 100 35 19 73 57 58 6 34 17 90 40 18 25 27 47 1 72 57 69 31 12 29 95 32 6 6 37 15 12 90 87 22 30 86 55 40 4 56 68 28 61 31 23
78 21 1 64 5 37 1 1 32 13 37 62 50 2 19 27 36 69 80 22 7 86 16 33 48 52 30 62 99 6 63 49 43 88 18 53 13 96 72 79 63 66 52 52 83 95 50 5 87 94 44 15 51 85 78 79 2 57 10 68 17 50 22 24 62 26 88 1 43 100 14 75 53 14 7 33 100 50 74 51 80 39 22 3 74 11 22 44 79 40 38 18 56 93 29 48 10 35 76 42
100 100
586 132 189 950 440 182 955 594 721 817 586 277 393 991 668 208 309 698 269 510 503 182 777 349 263 886 308 328 460 498 298 443 587 687 128 743 367 151 946 679 778 259 223 585 651 567 586 361 161 533 874 331 55 228 308 48 856 57 519 706 740 615 232 91 932 420 591 475 403 244 386 737 101 513 457 540 868 723 626 858 137 917 678 152 168 288 171 707 383 748 995 135 792 588 325 614 668 73 163 587
655 473 120 760 670 107 780 657 16 779 480 202 557 16 951 860 663 412 178 8 84 601 408 816 13 745 36 869 704 600 782 563 227 500 244 698 2 545 801 639 362 398 783 594 167 924 338 481 339 752 709 908 120 294 473 690 680 400 386 709 571 864 37 626 41 411 39 500 480 406 800 784 72 429 176 875 165 657 896 195 677 202 100 900 563 190 815 693 67 497 152 722 687 309 947 891 369 507 19 212
100 100
27 11 40 43 65 11 23 12 13 14 23 15 16 17 88 18 12 19 54 20 96 21 31 32 22 45 23 34 24 25 26 12 27 11 28 29 30 31 32 32 33 34 94 35 42 36 37 21 38 12 39 2 40 41 45 78 65 99 42 10 43 11 44 84 81 22 44 46 45 46 32 47 50 51 52 48 49 22 89 90 51 50 50 51 55 95 4 52 53 11 54 55 56 57 23 97 37 58 59 87
1 2 3 4 5 6 7 8 9 10 11 12 13 14 15 16 17 18 19 20 21 22 23 24 25 26 27 28 29 30 31 32 33 34 35 36 37 38 39 40 41 42 43 44 45 46 47 48 49 50 51 52 53 54 55 56 57 58 59 60 61 62 63 64 65 66 67 68 69 70 71 72 73 74 75 76 77 78 79 80 81 82 83 84 85 86 87 88 89 90 91 92 93 94 95 96 97 98 99 100
100 100
1 2 3 4 5 6 7 8 9 10 11 12 13 14 15 16 17 18 19 20 21 22 23 24 25 26 27 28 29 30 31 32 33 34 35 36 37 38 39 40 41 42 43 44 45 46 47 48 49 50 51 52 53 54 55 56 57 58 59 60 61 62 63 64 65 66 67 68 69 70 71 72 73 74 75 76 77 78 79 80 81 82 83 84 85 86 87 88 89 90 91 92 93 94 95 96 97 98 99 100
101 102 103 104 105 106 107 108 109 110 111 112 113 114 115 116 117 118 119 120 121 122 123 124 125 126 127 128 129 130 131 132 133 134 135 136 137 138 139 140 141 142 143 144 145 146 147 148 149 150 151 152 153 154 155 156 157 158 159 160 161 162 163 164 165 166 167 168 169 170 171 172 173 174 175 176 177 178 179 180 181 182 183 184 185 186 187 188 189 190 191 192 193 194 195 196 197 198 199 200
100 100
1 1 1 1 1 1 1 1 1 1 1 1 1 1 1 1 1 1 1 1 1 1 1 1 1 1 1 1 1 1 1 1 1 1 1 1 1 1 1 1 1 1 1 1 1 1 1 1 1 1 1 1 1 1 1 1 1 1 1 1 1 1 1 1 1 1 1 1 1 1 1 1 1 1 1 1 1 1 1 1 1 1 1 1 1 1 1 1 1 1 1 1 1 1 1 1 1 1 1 1
1 1 1 1 1 1 1 1 1 10 1 1 1 1 1 1 1 1 1 20 1 1 1 1 1 1 1 1 1 30 1 1 1 1 1 1 1 1 1 40 1 1 1 1 1 1 1 1 1 50 1 1 1 1 1 1 1 1 1 60 1 1 1 1 1 1 1 1 1 70 1 1 1 1 1 1 1 1 1 80 1 1 1 1 1 1 1 1 1 90 1 1 1 1 1 1 1 1 1 100
100 100
100 100 100 100 100 100 100 100 100 100 100 100 100 100 100 100 100 100 100 100 100 100 100 100 100 100 100 100 100 100 100 100 100 100 100 100 100 100 100 100 100 100 100 100 100 100 100 100 100 100 100 100 100 100 100 100 100 100 100 100 100 100 100 100 100 100 100 100 100 100 100 100 100 100 100 100 100 100 100 100 100 100 100 100 100 100 100 100 100 100 100 100 100 100 100 100 100 100 100 100
1 1 1 1 1 1 1 1 1 1 1 1 1 1 1 1 1 1 1 1 1 1 1 1 1 1 1 1 1 1 1 1 1 1 1 1 1 1 1 1 1 1 1 1 1 1 1 1 1 1 1 1 1 1 1 1 1 1 1 1 1 1 1 1 1 1 1 1 1 1 1 1 1 1 1 1 1 1 1 1 1 1 1 1 1 1 1 1 1 1 1 1 1 1 1 1 1 1 1 1
100 100
1 2 3 4 5 6 7 8 9 10 11 12 13 14 15 16 17 18 19 20 21 22 23 24 25 26 27 28 29 30 31 32 33 34 35 36 37 38 39 40 41 42 43 44 45 46 47 48 49 50 51 52 53 54 55 56 57 58 59 60 61 62 63 64 65 66 67 68 69 70 71 72 73 74 75 76 77 78 79 80 81 82 83 84 85 86 87 88 89 90 91 92 93 94 95 96 97 98 99 100
51 52 53 54 55 56 57 58 59 60 61 62 63 64 65 66 67 68 69 70 71 72 73 74 75 76 77 78 79 80 81 82 83 84 85 86 87 88 89 90 91 92 93 94 95 96 97 98 99 100 1 2 3 4 5 6 7 8 9 10 11 12 13 14 15 16 17 18 19 20 21 22 23 24 25 26 27 28 29 30 31 32 33 34 35 36 37 38 39 40 41 42 43 44 45 46 47 48 49 50
100 100
30 47 10 31 19 45 48 21 35 12 48 12 26 36 40 40 43 44 33 14 21 45 25 34 48 31 44 15 33 49 14 39 10 18 36 20 29 45 11 13 18 37 41 45 39 45 35 17 40 19 47 41 47 38 43 16 45 46 29 31 26 19 44 39 26 24 39 14 41 25 37 28 47 27 12 13 31 19 30 34 13 25 33 28 23 22 14 16 29 37 21 34 35 46 14 43 31 32 35 20
22 40 28 32 36 21 35 12 35 22 33 35 19 38 41 48 27 30 20 10 48 36 12 23 20 35 13 34 16 11 40 31 29 26 18 42 22 43 12 26 18 22 37 19 26 16 45 44 46 29 19 30 13 27 26 23 36 41 47 30 30 32 30 23 21 24 45 25 24 30 49 39 45 20 48 36 33 25 39 26 38 27 45 28 28 11 39 26 12 24 29 29 24 47 29 28 15 25 23 31
100 100
31 34 24 38 10 14 17 16 20 29 16 42 45 19 30 37 20 49 34 19 11 16 38 30 30 22 28 24 44 32 25 26 18 33 49 33 36 10 35 45 21 35 22 28 32 24 44 23 48 23 22 19 45 49 16 19 40 31 39 36 34 16 16 41 32 40 35 48 41 10 15 20 42 34 23 36 26 28 30 13 42 17 47 19 40 11 41 38 28 46 41 34 33 26 32 39 24 30 22 11
34 32 14 44 21 34 28 35 33 15 21 13 11 30 14 20 34 22 40 29 40 19 10 19 18 23 47 36 44 44 26 34 15 33 23 13 29 44 12 47 38 40 40 49 43 47 34 28 27 25 37 42 45 13 43 45 29 46 40 40 18 42 48 21 24 40 27 31 33 24 31 34 25 32 47 39 18 11 28 12 45 28 49 11 18 12 19 18 42 16 24 19 11 39 47 13 44 27 41 11
100 100
9 8 5 1 8 7 3 4 5 7 7 5 5 10 8 9 1 10 2 1 1 10 1 4 9 7 6 3 8 10 9 6 3 9 4 6 8 8 7 7 3 10 2 6 7 4 1 3 2 10 10 6 9 2 5 9 7 1 3 2 3 7 3 5 1 7 5 4 6 6 6 6 4 4 3 9 3 1 7 6 3 7 1 10 5 10 3 7 9 7 4 2 4 4 5 1 7 10 10 5
8 18 13 12 4 20 10 17 17 13 16 17 10 17 5 20 14 19 13 3 6 9 17 8 7 17 10 2 9 13 16 18 13 20 8 11 7 10 10 16 8 14 19 3 9 15 2 4 19 9 5 2 2 5 3 13 11 6 4 5 19 9 12 2 20 12 11 17 14 14 5 17 14 2 13 5 10 17 3 13 18 17 15 19 17 3 20 9 7 3 8 4 9 6 12 19 5 5 8 19
100 100
30 23 2 7 12 4 11 19 30 4 24 24 14 2 30 17 17 26 22 28 29 20 3 10 11 18 20 11 30 24 10 4 14 3 7 19 15 5 21 27 5 8 23 18 10 3 22 9 11 2 15 5 28 14 8 4 22 27 21 5 21 26 23 27 17 13 29 28 24 22 23 28 29 21 4 22 28 18 5 25 12 11 6 1 13 21 20 28 15 16 14 13 12 24 14 15 23 28 17 16
21 12 9 4 29 24 21 20 25 4 23 5 4 19 18 30 2 29 23 2 18 30 3 24 6 15 5 14 29 18 24 3 22 28 5 13 23 21 20 29 17 12 4 13 17 25 1 18 28 15 23 24 4 20 28 6 5 2 16 5 27 10 28 10 23 18 15 23 23 9 29 22 24 4 12 21 25 23 12 10 5 17 17 23 25 14 29 1 10 17 13 24 26 17 18 1 5 18 26 19
100 100
24 46 49 53 43 10 10 36 24 40 50 34 23 27 47 44 57 29 13 18 54 50 56 56 56 25 50 50 15 20 19 40 14 13 41 11 46 54 17 15 48 13 51 25 52 17 32 33 51 51 38 19 22 44 23 56 34 19 36 39 23 46 53 17 36 31 55 17 16 33 25 25 59 18 51 48 47 50 46 59 17 45 44 15 56 17 32 43 30 58 10 21 37 41 36 25 51 39 30 23
11 58 48 10 25 19 42 11 24 57 34 16 59 37 30 28 52 11 11 49 43 59 51 22 26 16 40 30 54 32 21 53 29 20 46 15 58 15 18 40 19 13 17 18 37 30 51 26 38 29 53 11 23 45 11 18 58 22 38 36 52 33 21 42 31 15 58 50 14 36 11 39 51 15 45 55 45 48 11 49 31 11 58 50 58 28 45 32 55 36 39 59 46 35 40 25 39 43 17 10
100 100
100 100 100 100 100 100 100 100 100 100 100 100 100 100 100 100 100 100 100 100 100 100 100 100 100 100 100 100 100 100 100 100 100 100 100 100 100 100 100 100 100 100 100 100 100 100 100 100 100 100 100 100 100 100 100 100 100 100 100 100 100 100 100 100 100 100 100 100 100 100 100 100 100 100 100 100 100 100 100 100 100 100 100 100 100 100 100 100 100 100 100 100 100 100 100 100 100 100 100 100
100 100 100 100 100 100 100 100 100 100 100 100 100 100 100 100 100 100 100 100 100 100 100 100 100 100 100 100 100 100 100 100 100 100 100 100 100 100 100 100 100 100 100 100 100 100 100 100 100 100 100 100 100 100 100 100 100 100 100 100 100 100 100 100 100 100 100 100 100 100 100 100 100 100 100 100 100 100 100 100 100 100 100 100 100 100 100 100 100 100 100 100 100 100 100 100 100 100 100 100
0 0
