7 6
20 15 10 15 25 20 15
15 25 10 20 15 20
8 9
10 20 20 10 20 10 20 10
20 10 20 10 10 20 10 10 20
1 3
10
10 20 30
7 7
10 4 6 76 54 19 84
20 10 4 45 10 19 66
3 10
10 20 30
5 10 15 15 10 5 5 30 30 20
23 13
6 17 6 7 11 10 8 11 18 16 4 16 9 3 18 5 2 17 7 11 4 15 16
8 1 5 13 16 3 5 1 8 1 6 6 3
17 3
5 16 1 8 11 9 10 20 5 3 16 11 13 20 17 1 7
17 5 11
5 15
12 3 2 14 13
15 2 4 5 19 14 10 1 5 20 15 19 6 16 19
26 10
9 11 14 18 9 5 9 7 2 1 2 10 19 4 18 2 13 14 18 8 20 13 8 2 11 7
14 4 20 11 3 8 1 8 17 10
23 23
3 8 1 14 19 6 3 13 13 6 11 17 11 7 4 11 7 1 9 13 4 14 5
17 9 8 6 11 6 8 14 20 7 14 14 5 11 8 9 3 5 12 11 15 10 14
23 15
6 5 14 1 18 11 18 16 19 6 13 8 7 12 1 6 13 8 4 5 15 8 19
10 19 12 3 14 8 17 18 5 1 3 5 11 5 14
19 16
6 9 20 1 15 19 10 8 9 11 1 4 13 8 15 6 20 19 5
5 7 3 20 3 14 3 19 1 15 7 19 20 7 18 12
14 26
14 1 4 4 1 20 8 20 14 13 11 4 10 15
11 12 15 13 5 9 3 18 3 9 16 2 16 13 14 9 9 19 9 4 2 1 15 9 12 8
26 26
19 2 6 15 4 12 5 7 2 5 20 1 12 9 9 20 18 13 17 7 19 9 19 4 11 10
5 2 7 2 19 5 4 16 11 19 8 15 17 9 20 16 1 3 17 1 14 14 13 2 20 3
21 20
15 6 10 18 17 13 3 18 1 16 15 10 5 12 19 18 8 11 17 12 17
9 1 19 15 12 3 9 3 15 8 10 12 10 19 9 14 1 6 17 17
25 14
6 9 16 20 8 2 18 16 8 17 9 14 4 12 11 7 4 8 19 1 4 15 14 1 17
19 14 18 17 20 13 14 8 20 14 8 1 11 3
50 73
25 38 13 46 33 29 15 17 15 12 30 49 37 46 32 47 19 38 24 39 41 32 44 26 21 26 39 32 26 11 41 42 42 10 21 15 36 42 36 46 25 36 49 44 44 30 28 21 33 19
16 36 11 38 41 25 15 33 33 25 41 26 15 45 22 38 47 23 12 38 32 16 20 26 42 48 33 30 26 15 49 35 25 43 12 33 36 11 43 13 36 12 18 14 40 34 49 12 34 17 47 26 32 12 40 43 12 46 18 35 30 31 18 40 32 17 44 17 18 43 26 21 39
88 49
22 36 44 32 16 44 18 13 20 27 43 21 27 48 46 29 32 30 45 38 47 36 45 25 37 47 31 27 10 46 38 42 37 22 34 24 30 15 28 32 10 47 19 31 42 30 38 14 45 10 11 21 40 28 24 17 27 34 24 41 22 30 16 29 19 31 18 16 22 38 41 24 34 28 23 27 29 26 12 13 39 33 48 47 23 36 18 18
23 42 25 44 25 48 12 10 34 38 13 39 30 41 11 36 36 26 40 25 11 20 40 18 13 43 43 29 43 36 29 35 10 31 12 14 20 12 41 34 41 21 11 14 32 40 32 37 33
99 99
1 2 3 4 5 6 7 8 9 10 11 12 13 14 15 16 17 18 19 20 21 22 23 24 25 26 27 28 29 30 31 32 33 34 35 36 37 38 39 40 41 42 43 44 45 46 47 48 49 50 51 52 53 54 55 56 57 58 59 60 61 62 63 64 65 66 67 68 69 70 71 72 73 74 75 76 77 78 79 80 81 82 83 84 85 86 87 88 89 90 91 92 93 94 95 96 97 98 99
1 2 3 4 5 6 7 8 9 10 11 12 13 14 15 16 17 18 19 20 21 22 23 24 25 26 27 28 29 30 31 32 33 34 35 36 37 38 39 40 41 42 43 44 45 46 47 48 49 50 51 52 53 54 55 56 57 58 59 60 61 62 63 64 65 66 67 68 69 70 71 72 73 74 75 76 77 78 79 80 81 82 83 84 85 86 87 88 89 90 91 92 93 94 95 96 97 98 99
100 100
53 21 35 46 20 43 54 23 20 43 54 54 35 55 37 44 49 24 12 23 15 29 14 10 51 34 16 42 41 37 38 12 54 28 38 46 38 20 33 45 33 45 12 42 38 37 43 17 13 59 22 50 54 32 37 21 58 44 36 56 17 27 21 15 21 55 11 52 56 19 38 52 34 19 50 53 12 23 36 40 48 43 40 53 29 16 57 23 31 56 50 40 29 41 16 38 17 43 34 42
47 17 32 57 40 35 10 29 26 24 26 57 15 35 16 38 34 10 58 50 31 56 44 36 47 18 35 40 35 48 13 50 22 32 10 43 30 44 19 38 59 36 42 50 48 20 52 13 48 24 35 50 31 10 34 34 55 39 37 56 54 55 24 43 39 49 56 14 15 22 17 34 11 14 56 52 40 12 12 23 32 12 34 46 40 25 35 30 54 34 14 49 29 24 55 43 19 41 47 10
0 0
