6
2 1 3
5 4 6 2
0
93
68 36
37 89 45
24 4
26 17 34 74
72 38
14 79 16
8 1
85 90 31 86
56 79 70
49 47
50 39 46
21 83 17 62 47
1 78
4 35
44 55 2 18 60 82 33 28 34
31 37
2 67
5 54 53 85
18 10
62 53 30
82 36
92 12 68
67 35
87 69
22 3
71 65
77 79 24 83
23 84
60 18
54 11
25 73
66 36
69 6 50 90
61 21
83 45
3 48
40 29
41 86 14 2
17 32
90 57
75 37 51 50 92 2 1
53 18
89 68 86 35
47 13 5
65 50 55
91 79
11 88
6 11
19 20 87 52 16 63
15 48 64
43 80 52
52 11
20 26 22
88 83 76 39
74 43 17
34 42 89 92
81 43 50 58 22 64 82 52 35
57 82
64 33
93 29
78 55 10 30 50
86 72 82
48 25 42
80 81
33 87 16
28 59
10 50 93 85 37
12 6
36 13 53 67
45 23
42 57
79 25 92
84 57
38 22
39 71
51 19
59 72 1 39 19 61
63 75
13 25
30 56 38
7 9 61 36 41
73 74
16 93 86 8
35 37 63
58 30 80 50
27 49
0
37
6 25
33 34
19 22 12
15 20
32 33
37 7 9
4 36
31 21
35 8
25 28 26
29 35
7 1
20 21
23 15
17 19 23 32 34 21 6 5
18 8 25 33 5
21 1
27 5
16 6
11 27
36 1
22 10
14 37
26 11
12 23
24 13
9 3
28 25
3 7
5 22
30 7
1 9
13 12 25 24
34 7
8 36
2 29
0
28
7 18
15 19
17 1
16 17
11 2
10 11 12
6 5
27 16
26 25 20
23 4
4 2
9 5
3 5
2 17 28
13 12
24 7
20 8 22
19 25
8 23
5 9 25 26 8 3
1 25
12 7
18 27
28 22 26
25 7
14 6
22 6 10 18
21 1 23
0
90
12 5
17 49
57 42 60 72 70 24
30 55 9 13
59 53 60
35 31
70 69 23
50 56
18 58
90 58
11 32
54 46 63 51
41 21
71 33
69 50
77 32
86 35
4 74
45 75
40 15
72 34
52 81
36 45
78 26
25 37
6 72 28 4 46 9 43 1 86 37 27 23 15 67
2 63
38 43
63 53 48 58 75
64 40
15 32 14
88 10
42 7
27 33 55 28 5 26 1 88 21 65
74 44
58 69
14 15
34 12
20 63
24 46
7 80
61 52
1 77
85 16 14
84 65
60 63
53 3
51 90
10 19 45
28 64
73 81
87 81
66 71 38 14
68 77
76 47
89 64 59
79 21
22 61
67 80 61 88
56 30 82
81 15
65 33
83 62 37
39 6 20 89 84 25 80 10 7 86 12 11 28 88 3 82 71 64 54 29
16 67
29 59
19 38 23 44 36 69 75
31 20 1 60
47 32
49 83 88 82 75 84
46 90 30 22
48 29 59 30 46
75 74
44 58 85 54
26 60 50 17 51
33 19
55 24 90
21 81
37 69 80
32 59
5 78 47 3
8 24
0
80
74 2
21 43
34 67 75 58 43 3 48 80 55 41 47 7 39 74 77
28 52
33 58
31 9 75
22 1 43
56 6
14 61
79 37 9 27 17
35 45
26 1
66 44
25 69 7
24 79 11
58 17
7 59
57 76 4
15 19 73
71 63
64 73
73 8 63 62 19
1 40
80 79 3
23 50 51
9 56 39 61 16 20 47 18
61 2 53 72 60 4 41
29 38
43 1
67 26
18 36 11
70 42
6 19
27 46
42 29
62 46
47 53
17 15 8
3 77
2 30
45 52 61 79 18 69
72 32
51 23 40 72 29
53 31
76 78
41 21 14
60 27
55 23
30 55
10 57 21
49 45
37 9
5 23 61
75 68 70 69 64 26
36 10
32 22
20 5 39 72 28 73
39 9
40 65 7
8 45 49
4 16
44 61 40 34
38 37 20
19 33
11 58 48 67 15 36 6 26 31
46 3 14 63 6 32
13 64 21 30
59 30 24
54 11
12 77
0
36
20 19
12 21 11 16 7 14 19 29 35 8
33 8 3
11 10
1 11 25 31
19 20
29 24
13 26
14 29
10 12
16 18 9
5 23
25 4
30 19
36 30
22 11 14
26 11
2 14
32 23
21 12
3 33
34 22 19
7 33
28 19
6 26
24 4
17 1
31 32 25 8 19 15
9 3 33
15 8
35 2
27 11
0
95
56 73 47
63 22 35 92 94 86 71 32 91 36 74 42 10 78 50 54 12 51 27 87 49 7 18 73 40 9 20
35 37 38
38 14 78 94 73 68
82 77
29 55 23
52 19
21 2
10 41 33 79 68
13 16 95
39 80 78 72 79 87 62 22
18 80
83 12
26 71
3 41 80
46 12
79 64
32 63 84
86 67
95 23 34 39
68 10
72 58 69
28 17
43 49 54 72 31
45 60
24 75
74 3 85 42 56
15 65
42 61
20 85 66 46 10 78 37
16 61 87 39
73 75
30 63 1 84 45 34 83 79 36 94
1 78 42
31 87
44 82 4 9 19 94
87 95
27 17
53 74
55 52 94
58 40 53
70 78 90
8 7
5 35 1 63 87
77 22
54 48
88 12
89 11
9 31 6 30 21 53 47 10 43 95 12 56 11
19 64 69
69 48
51 83
25 28
65 29
7 55
92 93
67 56 90 31 12 22
4 9 25
81 16 78
85 75
14 45 22 60 78
60 11
75 70
41 22
2 95 21 23
11 38
22 88 78 40
76 86
6 76
64 47
59 56
36 71
80 10 37 18
12 3 71
90 75
93 13
48 88
84 64
17 62
49 32
57 4
0
63
30 11 33 52 9 25 47 28 59 29 32 18 7 35
51 15
19 47 25
32 27
9 46
7 59
13 53
35 17
6 2
63 21 35
52 40
4 58
27 61
43 54
49 16
11 44
25 57
60 54
21 35
23 41 50 11 2 25 3
59 1
33 41 15
53 57
22 62
57 19
34 7
44 46 39 57
48 29 3
47 48
18 29 25
10 38
62 25
56 23 8 62 46 30 6 44 43 60 29 45 26
3 6
40 12 31
38 45 22
8 11 43 13 49 18
14 49
55 10
5 49
28 3 14 61 20 24
54 35
29 5
46 31
45 44
17 54 19
39 61 58 2 26
61 37
1 52 58
12 62 31 56 43 28 61
36 12
58 44
26 29
31 3
50 52 6 28
16 10 51 25
20 54 47 13 29 4 6 44 52 32 53 39 57 3
42 48
0
57
46 24
41 35 2 9 12 46 23 25
6 9 56 25
53 36 33
40 32
30 5 42 29
9 11
11 39 28 3
42 24
10 33 53 56 29 9 7 41 14 8 36 18
34 25
56 38 29
32 22 35
51 39
33 26
54 22 11 41 56
57 42 19 12
17 14
7 15
37 29
5 32
50 1
35 48
15 8
21 38 57 14
55 41 53
8 21
48 51
26 29 23
14 22 17
22 55
24 26 42
23 25
47 43
12 46
31 35
45 7
13 55
4 21
20 18
49 10
52 24
28 40
19 30
43 23
16 52 49 54
2 15 46
3 45
18 12
29 23 34
1 15
44 31
36 24
25 30 37
38 18
27 54
0
98
61 77
33 31
69 72 65 67
47 72
13 71 45 61 93 5 91
63 3
25 4 22 1 70
44 72 24 64 32 70 82 79 48
86 16 14
20 77
66 20
23 52
56 59 2
9 20
90 6 37 77 4 31 26 56
42 18 75 16 11
51 11
62 67 85
81 13 69 18
82 13 17 59 64
76 57 65 62
22 46 44 81 29 25 67 83
72 9
53 69 89
15 30
89 70
43 68 50
26 50
17 69 80
7 14 28
87 9
38 19
40 19 64
75 88 81 71 48 20
11 91
12 93 73 66 14 49 63
18 69
92 18
80 64
77 18 53
27 14
50 78
64 77
57 16
39 51
34 63
45 86
94 64
24 5
95 27
8 78
88 78 96 97
54 25
6 17 32 28 7 16
21 94
55 12 17 35 90
52 55
71 94 7
5 81 6 4 28 55 62
31 6
16 76
14 8
93 69
29 67
2 91
35 84
58 52 50 89
59 98 44 16
91 31 22 25
41 40
49 81 1
60 14 28 73 84 51
67 30 40
30 15
4 25
83 82 42 25 68
37 3
46 28 2 84 29
28 51 71 22 91 1 32 80
3 44 41 69 8 2 86 29 78
85 12
19 20
78 83 45
36 64
68 36
84 59
70 95
1 51 44 48 3 40 90 62 32
32 87 6 5 12 83 66 81 42
10 94
48 76
74 53
0
29
3 2
19 4
10 25
14 17
1 23
15 23
16 3
4 22
25 13 6
28 16 1
7 24
8 7
23 24 20
13 3
21 28
6 26
2 14
29 6
18 7
24 15
26 20 7
9 21
22 5
27 17 29
20 27
17 15
12 27
11 17 13
5 22 3 20
0
12
11 6
12 5 11
8 4
1 5
2 5
7 1 11
6 10
10 3
9 11
5 1
4 5
0
38
2 3
18 4
3 14
17 8
35 21
12 26
6 7
11 19
13 7
1 10
22 11
7 11
10 3 31 32
36 15 34
5 4 27 18
14 12 31
38 8 37
15 4
34 26
9 27
33 23
31 18
19 11
4 18 33
16 22 5
27 24
28 33
20 22 11 14 2
30 37
8 12
25 27
21 3
26 16
29 35
0
19
9 17
16 9
5 7 9 4 18 3 19
18 2
15 19
4 2
19 10
12 6
1 19
14 8
6 11
2 16
10 5
8 3
13 19
17 7
11 7
0
26
21 15
26 16
16 23
24 5 15 26
4 11 16 23
7 24
19 4
23 21 15
17 1
14 11
18 17 7
11 6
3 19
10 17
8 5
12 26
2 3
22 7
6 23
20 4 21
13 16
1 24
25 26
9 23
0
45
11 28
43 32
8 18
14 23 20
22 34
18 43
33 31
20 16 31 4 29 3 35 40 36 15 33 45 6 23 10 17 32 18 24 27
5 8
44 39
29 26
25 44 13
38 18 26
7 30 32
27 34
19 44
23 31 11
24 8
39 21 16 40 1
21 38
40 11
1 5 28 44 29 10
10 23
17 5 6 24
13 36 16 12
4 32
2 27 33 4 13 30 24 11 31
37 9 1
42 8 14 36 7 40 30 17 2 31 6 34 29 4
28 25
45 6
35 22
31 4
34 2
41 22
0
17
17 7
2 14
13 16
14 15
7 4
11 9 5 15
9 17
4 15
15 4
12 3 10
5 14
10 9
6 10 12
8 11
16 5 6
1 16
0
13
3 10
1 2 13
6 9 5 4
7 9
2 6
5 9
10 11
9 3
8 6
11 4
12 2
0
22
4 19
6 11
18 20
19 3
22 8
15 2
11 22
3 2
2 6
5 18
21 14
12 21
1 3
20 1
16 10
8 4
9 10 13
17 10
14 19
10 6
13 3
7 6
0
26
19 8
22 23
5 17
25 21
23 11
20 25
4 6
14 3
6 25
15 24
1 10
12 24
21 23
13 5
10 11
26 16
8 13 10 21
9 5 1 12
18 26
17 13
24 13 9
11 12
2 14
7 23 9 17
3 9
16 24
0
46
1 9
14 40
11 8
46 34
20 18
30 41 21 5 34
38 29
36 4 35 26
6 45
34 40
19 13 33
29 35
17 43
4 23
10 7
2 43 35
25 4
13 38 7
24 23 19 14
18 1
8 3
42 11
16 27
35 46
43 33
21 17 46 1
26 31
23 3
33 29
40 19
9 16 32 35 34
3 26
28 35
27 35
44 8 13
45 41 26
41 21
5 4
37 16
15 12
12 32
7 12
39 34 5 21 11
22 33 14 21
0
48
9 14
17 47
1 44 19
21 48
13 5 27 12 17
6 31
35 6 46 40
26 43
11 38 3
23 19
2 8
43 35
41 33
42 13
12 20 19 18 41 22
37 10
47 39 28
14 31
4 32
44 23 22
3 37
15 42 25 6
7 9
29 27
40 29
5 17
39 38
34 43 42
25 13 16 33 2 1 29
8 26
48 24
27 46
36 26
16 17
33 44 2 43 19
10 35
38 6
18 33 14
20 7 24
45 35 18 4
19 7
30 37 16
0
22
11 15
5 17
10 12
8 18
22 12 6
20 22
15 18
1 14
3 2
13 2
7 16
16 10
4 9
19 17
12 17
6 9
18 6
17 1
21 2 20 8
0
39
2 22 28
22 2
30 24
14 19
13 17 25
8 10
29 24
26 17
17 6
6 21
21 26
34 39
18 5 30 32 21 11 3 25 7 33 28 14 23 19 4 31 2 1 29 13 8 12 38 20 10 39 36 22 35
24 20
38 9 31
3 18
10 14
27 16 7 22 24
37 38
31 30
4 22 14
1 12
19 31
9 32
15 4
0
7
2 7
4 7
7 4
6 3
5 4
3 7
1 3
0
13
10 1
7 11 4
4 13
9 1
12 13
13 9 3
11 13 2 6
3 7
5 12
8 6
0
69
14 41
35 40
37 43
20 18
45 34
12 66
26 37 18 17 16 51 19 13
40 37
22 27
57 59
8 56
67 45
56 1 43 60
23 1
54 29
18 24 58
24 54 12 11
65 68 11 41
59 26 21
15 22
33 14
69 59
61 37
46 53 48 18 7 13
2 56
7 42
66 58
48 16
63 38 1
53 28
55 56
42 22
31 6
6 54
11 27
5 27 50
4 56 40 32 64 14 60 28 35 45 50 3 11 68 57 12
43 8
62 31
3 44 48
27 53
25 13
68 37
41 50 44
64 6
44 48
16 45 14 2
36 18 48 44 23 26
21 7
50 63
29 28 57
60 23
32 23
13 29
10 3 14 48
34 36
39 25
51 69
1 10
47 65
17 14 23 67 68 1
19 57 47
38 59
49 10
9 34
28 22
58 31 32 3 66 28
52 11 9
30 17
0
64
29 9
26 53
11 1
4 36 44 52
40 42 15 64 32
37 12
46 56
22 39
52 2
12 48 25 41 23 37
56 25 34 28 12 48 53
13 9
25 14
31 43 19 42 26
8 57
63 58
32 42
24 17
1 48 32
44 28
49 56 47 23 1 31 50 17 53
17 25
19 16 63
38 9 25
16 48
50 24
39 38
47 44
6 4 47
42 10 52
28 49 1 61 33 44 3 46
34 28
58 9 14
30 20
51 21
64 44 4 48 9 12 61 39 14
27 19
55 38
21 62 27 42 58 1 55 37 54 64 38 9 53
35 37 9
36 23
54 45
14 18 36
43 61
7 27
61 60
57 35
5 18 7 17 32 10
23 52
9 60 32 34 25
48 59
53 5
45 3
15 7
18 23 52 50 19 9 40
33 57
3 17
41 19
62 60 56 9 58 48 18 46
20 51
0
55
28 24
3 36
32 10 44 6 21
50 7 43
45 28 19
24 3
15 19 42
18 50
51 3
47 46
43 1
37 51
5 23
7 48
2 38 50 26
52 47 37 26 43 35 13
4 36
9 44 18
20 35
22 31 53 32 42 23 26
17 36
49 24
27 47
54 42 26
35 51
26 10
53 14
16 44
10 37 45 47
1 5 36
21 15 20 7
12 13
34 17
41 4
29 49
13 55
11 14 36
39 29
48 16
46 34 22
33 4
8 37
19 48 2
6 21
23 30
40 4 39
44 36 50 41
14 38
30 48
38 3
25 43
0
18
6 2
8 6
5 9
9 16
2 15 18
7 4 1
4 7
10 4
17 10
3 13
16 15
13 1
18 17
11 13
15 9
12 1
14 10
0
75
44 2 47
35 27
74 6
13 74 49 66 35 48 39 37 71
50 38
54 56
36 19 18 59
42 50 5 37
21 31 41
67 71 32 63 26
38 44
59 20 2
32 7 56
48 71
15 63 7 68 22
26 19 12 53
2 55
8 31
4 10
22 31
69 20 18
11 74 32 21 38 51 30 37 44 19 40 69 31 48 39
43 59
61 75
62 55
46 16 75 52
56 55
29 10
19 18
18 54
57 44
10 50
24 45 48 41
23 74 42
28 37
7 23 45
14 19 40 52 18
6 68
49 38
34 2 40 5 42 68
47 23
72 4 55 60
30 13
40 1 61
27 61
60 63
3 43 22
25 16
1 59
63 12
39 62 28
65 13 50
52 47 36
45 41 61 67
51 53 30
64 21
75 39 43
41 74
31 14
66 67 2
55 57
37 74
70 27
12 33
53 11 31
33 8
73 32
68 23
17 65 52
71 39 23
16 28 29
5 43
58 3 2 71 7 13 34 48 4 70 25
20 18 46 44
9 28
0
72
13 34 20 64 31
71 2
27 58 16 64 50 44 46 72
48 24 45 70 18 57
14 17
26 8 10 64
23 14 24 68 12 58 53 25 60
47 65
1 24
68 33 15 65
44 20
45 5 51 14 50 58 54 46 49 28 35 68
3 27 28 34 22 40
69 55
67 44
55 1 3 24 22 58 36 32 16 45 49 28 65 47
64 49
54 17
35 33
52 25
2 50
8 43
38 61
11 38
21 33
49 24 41
33 7
62 18 15 20 28 63 22 5 32 31 71
10 20 30 46
24 32 64
34 54
57 29 15
30 39
72 54
41 54 65 61
20 21
15 43
6 54
51 57 8
46 47
22 57
40 38 59 55 56 48 72 44 4
53 46
17 68
12 27
50 21 64
37 22
9 7 58
63 60
4 12 24 54 36 46 43
32 20 36 15
59 56 62
28 48
60 67 3 47 39
31 35
58 41
29 13
39 57
70 49 20 8 17
18 26
36 17
19 10 66
42 10
0
97
29 27 34
5 23
66 10
71 70
74 73
11 97 65
88 21
22 9 94
90 86
36 82
9 62 37 22
84 83
95 29 18
83 27 6
20 97 45 38
12 51
6 40
8 47
31 8 93 23 47
67 13
94 29
1 59
77 19 35 67 38
25 88
35 75 82
27 47
13 26
17 59 12
89 50 23 16
82 24
45 5
21 89 11 12 58
60 83 7
40 79
54 18
16 20 95
42 53 35
47 78 36 58
2 14
51 28 77
87 54
56 3
15 70 22 41
37 48
52 64
43 24
4 87 81 30 6 53 77 58 96 91 29 7 52
39 96
59 27 94 32
10 35
53 38 39 8 73
26 61 89 56 57
96 56
38 25
14 93 46 88
75 73
70 39 25 74 4
3 55
93 25
81 2 72 84 9
76 48
86 95
32 91 51
48 74 18 33 20 84 7 8 55 68 19 91 10 54 23
19 51 18 46 53 83 67 66 86 73
92 69
69 15
23 65 90 28 20 12
24 17
73 45
30 56
44 19 45
91 95 96
72 30
58 11
64 93 48 53 38 62 58 3 77
34 44
41 22
50 81
57 35
78 22 35
46 56
28 7
62 42 12 64 77
49 34
65 97
79 66 90 26
85 84
97 56 93
33 85
63 31 28
7 50
55 72 74 23 76 28 53 37
61 24 31 64 97
18 64 12 49 24 72
80 82 66 73
0
51
51 12
37 27
10 44 41 35 28 42
32 35 28 24 20 38 3
2 29
45 42 37 46
22 41
40 17
1 6 7
28 40
20 15 45 26 41 10
26 3
44 22
31 44
14 22
35 11
17 12 44 51
6 43 13 18
47 24 23
41 2
38 14 44
8 17
25 20
50 34
24 33 5
43 11
5 11
27 47 16 12
18 22
34 22
7 46 38 23 36 4 39 42 21
33 32
12 35
19 13
39 42
9 34 37 32 16 27 14
48 7
3 38
23 47
4 22
13 1 11 7
42 28
46 48
49 40
36 22 15
21 43
30 17 28 44 3
0
60
35 10
29 27
50 14
28 25
33 20
16 19 35
24 51
18 46
58 28
39 51
15 29
52 23
49 22
30 42
42 57
56 21
5 13 38
27 11
25 45
20 6
48 14
6 20 19 39 16 14 56 60 26 17 3 12 28 52 22 32 44 25 55 30 42
34 51
12 43 33 22 46 52 21 37 13
44 40
13 54
47 12
17 5
22 16
10 3
8 32 55 21
36 12 40
26 44
1 35 14 49 46 43 47
21 48 24
2 17
45 36
55 3
54 46 59 5 43 53 18 39 8 7 3 57
41 55 46 43
3 16
31 33
60 53
38 21
32 12
59 55
9 56 33 29 26
40 22 4
0
14
12 5
14 7 2 3 4
11 5
5 6
2 10
6 10
9 14
3 2
4 7
10 5
1 5
7 6
13 3
8 13
0
20
7 9
6 13
5 16
14 7
15 7
11 16
19 20
13 7
2 11
1 3 18
16 18
12 20 14
18 8
9 14 4
8 7
4 7
10 8
3 7
20 4 3 17
0
71
41 71 37 16
49 60
1 24
30 32 57
65 35 41 11 13 18
13 10 37 34 25
56 17
9 48
45 69 34 10 3
46 25
2 47
36 46
40 50
55 11
57 16 50
29 49
31 18
62 38 24 29
23 66
19 44
28 55 26 30 21
67 64 47
34 58
63 48
21 20 42
66 13
43 50
27 54
54 2
47 54 43
37 65 49
53 14
48 62 3 52 27 53 28 44 6 21 42
3 45
39 58 20 29 7 31
50 52
60 38
44 16
7 31
51 26
38 39 56 21 2 12
20 67
25 59
15 67
17 53
12 11
8 3
16 51 17
64 4 22 66 30 59 28 19 61 6 34 39 11 2
26 18
69 28
22 34
61 57
11 12
71 56
59 65 46 60
24 32
58 47
68 32 36 30 16 44
5 19
52 35
6 57
10 71
18 63
42 18 56 52 44
70 63
32 27
14 53 51 15 5
4 3
33 13 3 62 66 15
0
94
67 7
90 75 12 72 57
26 1
4 94 46
30 57 73 84 37
17 74
56 27 88
39 74
37 29
5 82 61
23 58
32 41
12 28
83 70
34 19 87
80 88
58 77
84 47
15 85
52 94
87 30
41 56
60 39 85 65
75 47
78 3 6
6 80
94 71
61 29 62
25 86
18 20
89 25
74 13 28
36 17 29
82 48 83 46 73 33
86 54
11 67
42 13
66 34 23 38 5 14 78 71 67 88 46 51 87 84
88 43
92 65
44 82
33 11
35 43
1 60 81
77 17
76 42
71 39 30 58 42 66
57 73 51 27 33 88 72 16
10 30
50 44
38 93 25 32
40 82
49 93
68 25 37
70 73
72 81
45 21 23 84 4
19 50
29 87 49 88
47 55 85 36 3
55 91
65 35
31 89
64 48
2 94 65 7
79 10
53 26
8 59
69 34 7
20 45 80 84
62 74
28 3
22 68 58
7 83
3 74
27 14
73 87
48 12
51 78
13 41
91 67
93 30 5
14 68
63 31 47
21 27
24 71
81 59 3 55
59 32 15
43 1 16 10 55 93
85 36 8
54 84
9 50 46 86 43 47 40 80 41 29 75 55 56 52 8 37 83 67 31 21 63 19 74 4
0
97
82 88
74 20
41 61 64
55 58
48 80
7 44 96 11 35
95 35 13
21 1 31
71 65 48
12 87 53
79 67
90 35
30 80 77 18
8 65
31 58 79 25
17 52
50 22 34 29 59 10 27 24 82
16 65 78
25 29
67 71
43 80
85 45 3
94 16
93 42
2 46
20 86 19 83 16 54 2 11 74 29 9
10 63
64 38
24 14 62 13 46 6 20
14 71
57 93
73 71
9 32
86 5 58 90 71 10 85
78 69
15 39
58 22
11 47 51 97
89 19 79 94 88
70 71
83 76
4 33 40
5 60 13
3 8
32 54
33 65 62 48
27 24 77
69 84
53 8
52 95 7 96 73 28 59 30 68 72
68 34 15
59 88
18 93 17 28 32 5 79 40 64 47 85 60 49 72 41 3
84 62 21 15 92 67 75 17 37 83 53 49 57 19 95 12 78 52
34 16
62 32
40 64
42 55 11 97 18 57 61 47 14
77 42 23
51 70
88 70 4 80
80 67
87 20
19 57
23 13 12 35 44
29 78 2
13 30
22 28
75 27
44 26 76 28 49 97 57 53 63
54 94
28 7
91 21
66 23 71 33 2 15 73 92 59 56 45 14 1 46
46 91
76 49
56 36 50
37 41
6 31
1 20
45 69
61 24
63 15 25 34 3
26 22
96 39
39 3 4
36 94 37 86
60 11
38 82 31 21 69 81 2
0
49
46 22
39 36 24
16 22 14
28 9
31 16
15 31
10 30 31 45 26 42 35
42 44 35
38 12
19 16
7 19 27
23 39
4 35
37 44
25 8 17
48 22
33 25 45 49 42
49 48
13 8 24
47 29
22 25 19 4
29 36 14 40 33 15
35 15 1
11 1
27 5
12 18
41 49
6 17
36 27
3 8
8 49
18 37
24 19 44
14 43
1 18
34 11
17 40
40 39
9 36 37
20 30
5 31
44 43
32 46 6 43
45 28
26 4 38 44 29 6 10
30 21
21 37
2 12 45 17
0
51
20 40
33 25
46 28
7 35
2 15
18 34
12 33
42 40
41 38
15 25
45 2
31 14
1 9
14 39
39 17 14 9 41 16 47 29 42 18
21 18
11 28 6 1 2
17 19
22 6 31
19 11
50 48
4 29
27 29
36 51
28 24
29 34
48 34
9 21 45 39 12 43
8 30
26 50 3 7
49 21
6 13 29 17
37 8
5 51 48 1 26
40 47
13 15
32 8
44 38
24 33
35 50 43
47 41
43 13 44 51 45
16 5 37
51 27
10 8
25 48
23 44 37
0
17
9 5
2 12
16 6
7 2
14 17 5
11 10 9 16
13 1
4 15
17 7
8 10
1 5
5 7
10 16
15 10
12 6
6 17
3 11
0
62
47 16
21 42
44 14 10 60 12
57 2 35 22 49
42 25
24 32 30
15 36
26 7
17 8
45 23 35
53 18 25
34 16
10 12
38 48
56 57 44
3 61 12 56 8 42
32 27 17
50 8 62
61 20
51 42
6 39
49 48
52 37
1 22
55 48
41 7
27 18 40
40 16 25 45
23 19
60 14
2 36
16 39
39 50
46 55
43 13
14 22
58 62 37 17 57 55 22 45
37 48
4 13 29
19 54
62 27
35 9
22 27 15 34
8 31
7 59
12 46
59 4
18 48
11 6
33 53 30 59 37 41 62 26 12 27 31
28 53
31 39 29
48 1
13 35
9 15 36 55 16 29 53
5 1 60
0
42
32 22 42
22 1 11 20
20 38
8 23
28 31
26 42 34 18
9 38
4 14
34 11
11 24
18 22
12 39
41 28
33 7
16 37
7 31
24 9 17 42
2 20
38 30 29
35 27
27 30
36 13
39 21 26
17 40 42
29 16 2 31
13 8 25
21 5
5 36
31 5
25 22
10 19 40
15 28
3 19
23 9
30 5
1 14 7
6 20
0
28
10 1
11 20
21 24
7 27 9
15 6
18 9 23
23 18 21 9
4 1
14 6
5 2
25 21
6 17
22 24
17 3
3 15
26 13 18 9
24 17
1 5
2 7
20 14
8 13 15 20
19 4
13 23
28 15
9 23
12 8
16 28 15 8
0
35
23 30
7 23
19 11
24 29 34
8 3
15 35 20
33 10
12 1
35 19
11 4
32 35
34 31
3 16
20 19 2
27 13
26 17 30
21 20
10 9
30 27 31 21 16 1
1 19
5 34 13
4 15
16 8 24 19 35 2 30
31 11
22 31
9 2
18 12
14 6
2 29
25 2
13 25
6 13 23 27 19 4
29 11
17 1
28 30 7
0
96
17 54
32 50 37 20 48
41 18
79 65
70 51 73 72 27 13 92 74 53 9 82 89
26 18 80
82 83
46 91
58 93
43 73
23 66
30 48
21 4
1 26 25
62 6 10 26 45 83
76 35
44 36
18 89
20 60
5 87
39 67 70 48 64 91
25 33
60 67
38 89 71
7 34 8 71 67 17
36 50
31 85
16 26 29
13 88
52 53 86 78 70 95 34 96 79 63 60 56 20 2 81 49 14 44 15 74
45 47 17
74 36
75 10 53 54
66 27 16 38
48 7 11 56 14 17 41 88 90 83 44 47 81 85 82
54 44
83 67
9 31 53 1 75 94 49 47 6 64 95 87 60 62 13 71 3 33 63 23 29 27 84 86 39 93 40 70 18 16 15 89 14 78 28 57
65 69
2 38
37 15
87 53 25 26 52 30 27 13 49
77 65 47 8
73 81
10 80
61 26
59 88
3 72
94 62
89 32
4 78
28 74
50 24 27 6
55 48 96
19 87 14 24 65 9 41
72 37 35 84 34
8 22
27 20
24 80
81 60
92 89 65 16 76
57 18 67 84 35 51
40 83
42 77
84 16 10 68 19 60 8 41 3 67 72 25
33 12
0
93
91 86
25 28
92 86
59 63
43 62 73 9 91
80 67
88 18
32 79
82 51
90 38 80 12
53 32 12
70 30
23 37 89
73 75 22 6 86 4 37 3 72 30 60 31 12
16 9
65 52
34 6 20 8
77 4
24 9 49 48 42 41 4 73 76 86 28 61 91 33 81 3 15
35 76 75 23 14
37 5
19 50
84 76
76 40
21 8 73 31 61 40 80
51 52
39 46
14 50 12 23 79 72 60 63 27 4 77
26 6
72 34
57 2
85 35 92
47 23
3 5
71 44
30 48
86 37
67 16
64 93 35
8 78
93 15 81 39 53
75 89 73 34
28 81 2
42 23
7 29
44 64
40 53 74
18 80
33 89 43 75 7 82 39 81 56 38 53 92
60 82
9 79
54 21 65 83 56
79 36
22 7
58 23
11 16
78 9
15 16
13 53
68 59
17 65 93 60 28 10 55 88 34 30
74 30 42 85
62 71
5 21
46 25
56 10 27 24 41 23 81 5 86 6 51 34
29 20 88 43
50 11
61 39 11
38 88 6 4 53
10 79
27 73
55 61
48 54
49 36
36 80
41 67
4 62 59
45 23 60
83 31
69 47
52 72
2 78 22
6 1
20 48 58
87 22 71 89
63 55
89 38 69 50
31 40 60
1 55
66 3
0
59
42 58
44 36 14
5 3
26 8
22 48 21 56 12 40 20
51 22
56 48
48 31
3 47
37 12
54 20 24 52 23
11 31 21 38 22 57 32 34
39 23
24 12
58 36 5
6 33
33 30 11 43 53 50
40 47 25 48
55 27 32 7
8 18
57 47
29 31
32 12
15 26
21 46 13
10 40 1
50 16 32 59 41 7 19 15 57 52 11
7 25
47 20
35 24
30 10 31 29
53 47
49 21
13 41
18 26
12 48
23 36
27 48
19 59 53 21 1 15
59 7
17 9
41 20
20 3
2 4
1 22
16 20
28 10
46 48
43 7 58 51
34 50 36
9 12 24
45 53
14 47
4 21
0
57
43 15
46 57
11 30 52 28 20
14 20
33 47
15 16
52 3 21 14 36 46 8 56
21 2 11 53
6 40
49 16
38 36
41 4
25 40
35 18 2
17 53
4 38
44 40
57 30
8 14 54 11
50 28 27
2 29
39 46
54 11
5 43
37 1
51 35
9 51
48 44
24 42 14 49 43
7 25 43 54
40 13
47 20
45 16
28 12 30 24
1 22
16 24
53 7
26 33
23 36 18 6 51 40 47 30
3 4
29 11 42 16 25 32 1 54 4
56 35
55 39
19 11
27 34 48 32 47
34 27
12 36
20 29 46
13 43
42 31 36
30 33
10 40 22 43
0
50
34 5
46 9
11 1
12 13
13 32
17 48
14 12
22 2
2 5
20 44 35 11
39 10
47 17
15 27
35 49
3 20
42 11
8 24
21 37
16 36 17
6 37
33 11
1 19
19 40
7 49 21
26 3
10 25
36 5
43 31 10
25 48
9 33 2
18 25 50 20 5 11 37 26 36 35 21 48 15 8 1 39 2
50 5
5 18 9 1 42 43 24 11
44 17
28 1
37 17
30 5 21
4 24
27 5
48 1 17 2 22
49 39
32 16 48 40 2 14 3
31 2 32
29 25
45 3
40 43 38
41 22
24 28
23 5
0
10
7 3
6 7
10 7
5 1
1 3
2 10 8
8 9
4 5 7
0
17
13 3 8 15
17 15
5 3
3 11
7 10
1 6
9 8 2
15 16
2 7 3
6 8
14 3 10 11 13
11 13
4 17 5
10 2
16 4 10
12 7 8 16 10
0
47
25 16
47 39 11 14 16
46 15 2 7 5
23 41
10 17
41 45
19 22
21 20
37 28
40 38
32 33
24 13
7 4
15 14
2 22
5 8
43 17
45 42 38 47
38 21 18 45
13 33
28 44
26 29 28
44 32 23
35 45 12 16 29 30 13 8 38 14 36 11 25 17
17 23
14 44
31 19 32
11 3
6 16
16 7
1 29
39 12
29 33
36 44
20 39
8 15 9 47
34 41 23 16
22 32
3 37 11
9 40
33 15 37 7
30 3
18 17
42 33 22 35
4 18
12 2 43
27 30
0
70
70 42 54
13 9
3 67
37 52 31 66
16 27 41 50 14 7 1 23 44 10 28 53 64 30 48 51 70 57 49 17 9
47 35
40 43
27 8
7 14
15 40 37 12 39
54 17 67 6
36 10
18 19
23 59
43 45 40 8 37 61 25
38 5
33 3
67 59
22 51
30 16
2 7
49 42
58 39
19 31
57 2 25
52 49
68 49
66 19
53 30
56 2 58
50 23 10 3 51 67 60 12 28
61 25 70 60
59 69 41 63 20
55 35
14 1 28 10 53 17
69 43 50 37 42
32 4
48 40
17 63 16
11 41 58
6 30 70
10 33
21 63
8 31 39 2 38 40
12 49
39 58
9 25
20 23 55
4 18 66 24 36
35 10
1 40 34 20 18 57
42 19
28 11
63 58
46 62
26 46
51 57 8 15
65 31 14
5 15
62 57 43
34 68
60 37
44 46 68 4
29 12
0
88
19 6
20 33 18 79 50 54 64 82 61 87 53 22 57 45
80 69
82 51
43 9
77 26
56 69 36 26 58
44 64
33 17
88 25
72 59
35 4
2 58
71 74
78 21
10 41
11 73
60 23 41 27
81 4
74 51 11 61
25 45 51 19 62 77 76 39 12 54
54 67
84 69 14 55
17 84
79 46 13 81 88 72 51 44 5 7
12 27
52 70 88 15
65 67
86 28
13 51 42 23 2
5 45
16 58
48 83
62 25 40 5 69 1 73 87 45 64 14 19 76 44 77 88 36 56 49 26
23 60
36 12 46
51 53
46 22 43
39 14 54 26 65 31 32 66 28 15 80 29 25 46 17 10 58
58 26 9 60 29 41 19 42 70 21 82 76 28 16 66 74
7 80 88 71 9 60
4 12
22 76 37
41 60
47 11 21 63
83 35
49 50 77
42 31
69 8
14 74 79 33 78 25
87 32 23 38 79 74 2
18 64 36 53 72 42
26 19 45 51 27
68 58 30 79 47 78 18 22 29 54 74 12 1 3 14 2 55 21
40 9 46 63 36 79 68 26 37 57 20 34 86 49 83
73 47 72 7
15 50
70 18
28 51
50 85
38 51
37 80
45 46
30 42
59 76 58 29 2 36 25 23 47
8 28
27 55
55 32
75 48
1 11
31 23 73 42 50 59 62 1 49 83 65 79 36
9 73 84
24 67 34 3
0
88
62 60
9 59 3 24 22 75 62 32
58 45
67 75 48
81 45 15
15 23
47 41 9 57
80 42
35 83
70 39 3 53 20 45 6 4
14 79
82 62
73 88
60 86
6 9 78 36 84 87
27 7
55 5
32 67
30 84
34 82
72 58
41 83 13 57 46 34 28 15
44 61
12 31 87
78 9 83
54 82
85 36 7 16 44 46 83 34 80
13 20 66 9 40
88 2
16 85
50 23 26
87 66
39 6
84 26 81
21 57
36 3 65
68 24
18 84 32 53 85 88 8 63 12 5 56
28 49
11 18 88
20 72 30 38 76 85 53 84
71 39 17
69 76
10 44
43 42 86
1 48
25 69
38 14
75 22
37 68
53 56
29 17
2 7
79 50 23
7 6
31 65
23 7
61 20
51 88
24 33
83 58
66 23
8 74
56 64
40 51
46 6 48 83
45 20
19 44 83 76 65 56
33 78 30 8 15 52
4 29 8 46 54 21 48 40 18 33
49 55
42 30
5 55
52 57 36 4
57 31 2
26 38 29 4
77 2
0
8
6 5
7 5
8 4
4 2
3 8
2 6
1 7
0
35
27 3
21 16
10 33 11 20 23 30
33 6
28 31
35 9
32 28
18 35
6 8 31
24 20 31
4 19
23 16 18
8 2
11 33
29 2
19 33
25 27
26 6 33 29
3 17
13 6
30 17 33 6
15 22 35 21 3
20 17
22 4
34 5 6 8 9 3 4 29 32 31 15 12
31 14
5 9
16 31
1 23
17 19
14 9
2 4
9 8
7 34
0
94
62 2
30 80
79 17
42 61
84 36 93
78 82 15 49 31 51 65 72 16 81 66
15 84
27 40
51 9
35 50 46 34 57 64 81 33 80
14 58
3 52 46 5 57 16 14 74 51 89 85
21 23
46 94
40 43
53 61 18 72
92 87 42
26 50
66 64 12
81 59
76 2
36 83
77 28 90
56 58 24
6 38 85
74 88
13 5
37 72 81 35 15 4 6 43 77 54 78 42 82
63 73 50 24 9
60 93 31
34 58
45 16
67 42
18 91
61 20
48 54 50 42
8 94
65 13
7 89 91 81 45 40
19 21
59 8 76
16 77 15
80 71
28 83 6
5 43
52 65
89 6 16 61 88
57 8 12 70
4 86
58 89
38 29 86 33 63 2 89 67 90
24 42
90 29 61 20 23
50 5
9 16 13 84 38 86 8 65
72 33 41 87 18 28
23 54 94 66
54 29 41 2 47
55 36
85 68 47 89 64 27 4
44 60
41 34 30 91 60 33 48 46 77 32 10 42
70 52 55 10 23 1 29 76
17 14
22 70
73 22
11 44 8
68 75
25 37
94 47 29
20 70
87 34 42 4 74 83 41 73 5 16 71 56 33
71 48
31 25 92
10 26
2 15
29 75
91 8 60
1 2 35
43 64 40
39 82 19 10 9 38
83 65
86 80
75 42
88 90 92 2 8 30 15 84 22 65
33 9
47 40
69 15
0
9
4 7
2 6
8 3
1 2
7 1
6 3 4
3 1
5 2
9 3
0
67
16 55
32 15
22 10
58 32
18 7 23 14
43 1
59 2
64 37 21 10
56 64 54
52 17 24 31 42 38 60 21 49 54 18 33 41 55 59 29 20 56 14 48 46 28 51 47 64 9 27 7
1 65
19 53 11
25 57
5 67 13 23 17
27 30 65
39 8 7
67 19 39 17
31 41 57 55
4 28
24 53
34 63 13 6 53 20
10 40
63 36
15 3
21 48
6 20
3 43 42
13 23
53 26 40
62 43 26
28 4
42 36
30 17 60
66 19
44 59
38 18
26 11 24
54 9
23 32
29 1
45 56
14 3
36 20 51 59
57 42
47 4
17 48
65 55
46 44 53 64 24 2
7 5
40 65
48 54
49 40 60 13 56
35 43
50 25
9 60
61 41
37 24 38 61 28 52 2 49 51 33 27 63
12 10
0
45
29 34
23 14
38 27 18 44 3 16
40 25
42 6
30 42
16 11
33 25 44 6 40
35 25
9 27 38
39 14
3 1 40
26 6
41 16 33 19 43
10 19 2 29 42 6 4 16 24
28 36
24 37
15 26
17 24
2 6 23 25
21 31
43 28
36 38
13 15
12 26
34 26 1
7 9
11 1
22 1
19 28
8 15
1 34
31 10
14 24
32 19
27 45
20 17
6 7 27 15
45 39
25 10
4 41
37 35
5 3
0
83
16 62 57 31 37 77
57 41 59 49 63 62 67 80 65
53 13 47
3 77 70
7 59 62
51 77
31 42
14 29
9 62
60 34
37 3 61 74 10 53
56 71 30
72 33
77 71
68 29
21 83
45 1
41 36 51
8 66 1 15 80
79 20
83 30
82 14 49 23
64 29
61 63
19 62
75 69
78 70
33 48
73 12 47
58 75 45 33
70 3 65 74 36 32
42 15
6 51
38 12
25 26 70
18 38 55 26 8 13 76 47
67 72
80 21 43 55 53
69 82
20 36
48 52
43 13 38 41 17 68
47 73 71 16
44 6
1 53
46 33 41 68
32 51
49 30 65 24
76 55
15 40
81 42 5 34 14
71 83
55 39
34 80 19
11 24
74 29
59 46
23 7
28 77 38 75
4 42 46 18 83 64 16 80 30 31 41 50 22 20 77 62 21 81 79 65
40 74
30 48
54 2 68 42 81 26
62 13
22 76
65 38
35 21 2 20
24 41
50 60
66 25
2 29
63 70 21 46 26 9
13 74 33 8
29 59
52 6 40
26 45 16 33 6 64 35 74 51 3 53 77 24 36 80 11 31 9
27 1
0
44
39 43
28 9
16 40
24 22
15 22
34 44
37 19
40 34 1
21 13
38 34
29 15
27 29 8
41 30
8 13
1 8
32 39
14 19
26 30 10
31 39
36 3 7
42 23
23 30 13
12 13 44 19 8 17 39 41 4 32
2 5
30 31
7 39
11 2
20 5
13 21 12 23 25
3 42
19 3
9 21 23
10 8 21 39 34 41 11 43
33 14
5 22
6 33
25 31
43 30
18 3
35 34
0
83
26 82
8 45 2
83 61
44 61
81 82
58 33 83 77
13 49
73 17 5
47 41 17 68 21
50 9
69 63
25 15 61 6 29 21
22 76 77 33 4 62 82 64 39 24 65 44 3
6 31 65
68 76
18 8
34 38
5 72 27
67 52 21
53 63 47 51
31 83 74
71 14
10 75 22
56 41
65 69 30 27
76 64
14 37 4 48 20 79
30 13 56
38 12 63
45 26
42 31 19 4
54 38
70 33
7 19
40 31 51
1 70 75
23 60
41 12 62 2 39 42 49 13 68 59
82 67
12 23
4 49
35 44 82
75 54
33 27
29 25 48
43 83
55 3
66 63 9 23 56
37 39 6 43 40 7 22
51 42
27 69
17 74
36 47
21 52
77 15
28 8
46 2 7 78 45
59 14 9 32 62 58
57 30
64 24 56
52 80
72 30
15 61 9 55 5 69 71 51 50
16 70
20 65 54
19 77
60 36
9 47
63 52 31
49 73
39 4 31
3 64
79 36
61 21
62 55
11 19 29 34 64 41 82 35 14 3 75 74
0
34
15 30
23 27
13 26
7 23
3 4
18 19
17 30
4 5
20 30
25 7
12 3
22 23
33 17 1
28 7
21 3
2 8
19 23
1 22
30 8
24 19
6 27
31 10
8 11
5 1
9 7
26 9
34 12 8 32 20 24 1 9 26
16 8
32 26
27 15 18 19
29 3
10 23
14 27 9
0
48
6 16
32 15
15 21 13
41 24
18 40 5 19 1
5 42
44 39
25 23
47 2 20
36 18
34 1
11 33
16 34
22 29
43 3
48 30 33
10 37
13 25 17
17 29 22
30 34 21 48 33
1 42
29 18
24 1
31 45
12 20
21 41
9 30
40 45 29
37 42
33 43 2 18
45 5 11 28 13 20
39 11 10
19 38 2
3 47 7
42 32 27
4 22
38 31
8 2 33 42
27 3
35 11
28 2
2 43
20 34 7
46 18 17 5 11 42 47
14 29
23 37
26 38
0
77
73 18 40 33
23 32
36 19
69 62
77 12 9 28 3
20 42 66
31 39 6 45 21 5 71 8 60 25 29 56
71 4
32 20
3 5
47 5 29 17
12 4
44 4 22
38 74
11 39
68 41
63 48
53 48 44 14
61 9 11 54 19 77 16 4 49 34 41 59
56 21 34
67 34
40 19
59 27 58
22 17
5 1 44
4 21 60
7 5
72 74
43 61
26 77
65 23
15 48 67 66
29 61
58 16
52 44
35 59 44 65
25 65 41 32
13 7
48 17 47 61 60 35 67 7 13 75 39 26 46 30 55
21 20
45 42 41
46 2 53
9 6
8 41 19 58 46 52 6
74 35 65 47
62 72
17 44
60 15
55 69
2 3 6 36 72 53 47 20
27 11
18 14
50 73
39 68
42 49
41 26
70 63 71
51 55 16 74 32 40
64 14
1 45 26
37 63
30 44 17 69
54 34
24 42 9
19 27 37 11
6 77 51 12
75 28
76 17 36 35 46 22
34 6 18
33 48 18
14 62
16 34 38 58
57 47 18 32
28 40
66 38 67
49 1 56
10 69 67 8 49 64 45
0
68
53 47 68
31 28
58 29
59 6 54 26
2 6
1 37
44 31
38 18
62 11
24 57 42 48 62 55
27 30 34 7 20 39 53 58 36 40 21
43 19
54 31 56
17 11 18 52 31 60
34 60 49 42 9 33 15 50 26 53 45 28
28 50 42 25 33
12 7 43 23 55
25 65
66 26 48 56 37
4 67 17 23 56 50 1 16
35 44
60 18
56 26 9 17 4
6 39 63
65 12
18 51
19 3
20 13
30 34 3 7 62 2 32 64 52 58 15 43 37
48 68 22
33 44
57 38
50 33
9 30
52 19
68 32 2
40 62
32 55
11 44 26
7 15 28 1 9 31 29 48 66 47
36 17 62
26 36
55 53 44 49 40 20 61
41 63
10 59 20
15 57 19 11 8 20
67 31
51 14
16 8 36 6
42 34
47 39
8 28
64 39
22 23 49
46 66 37
14 16
37 66
63 50
49 25
39 28
29 6
3 39
45 6
21 56
5 8
0
42
6 18
15 35
10 36 23
4 40
37 10
26 14 18 38 11
29 42
35 6 4 8 13 30 2 29 1 15 28
8 35
39 18 4
9 18
33 6 26
19 42
24 4
12 39
18 40 34
31 21
16 33
22 3 15 4 12
13 4
42 5
7 18 23
27 8
20 38
36 1
17 5
40 14
21 3 27 35
3 6
34 36
41 39
32 41 27
5 8
14 1
23 11 19
2 28
25 14
0
83
71 46
32 25
60 57 11 49 37 71 36 59 47 63
36 2
25 7
65 67 74 43
19 77
13 45
15 36
82 5
12 17
8 79
26 82
80 20 15
42 21
4 79
22 70 59
2 4 9 39 38
83 2
5 74 76 33
53 80 77 56
35 68
45 14
11 75 80
17 9 73
44 74 66 16
62 19
28 42 82 29 50 71
75 68
37 63
40 21 1 10 63 82 41 32 72 35 20 29 9 14 83 61 81 52 75 57 6 8 54 48
50 77 81
9 15
76 30
24 77 16
47 19
20 56
70 18
10 12 33 53 71
73 17
3 38
16 51
79 70
74 61
63 74 35
57 34
67 57 47
52 81
31 77
39 50 36
56 22
48 46
58 55 41 40 10 6 42 34 2 14
21 12
81 36
77 4
34 8 5 10
55 21
64 33
54 8
27 61
68 50
41 37
7 74 76 41 61
59 31
61 54 7
49 81
23 30 65 6 74 34 40 47 58 26
30 55
66 43 12
46 6
38 56
69 11
33 3 45 24 61
6 2
72 12
43 82
1 21
14 6
29 50
18 41 34
51 31
78 12
0
25
4 21
25 3
7 20 17
18 1
13 6
23 6
1 9 13
2 24
10 1
12 22 11
3 17
17 24
19 1
5 14 23 11 16
21 4
8 24
24 25 7
16 21
6 19
20 6
11 9
14 2
15 3
0
45
34 7
10 18
21 45
7 43
31 40
32 29
25 27
19 28
3 27 1 29 11 18 23 15 10 38 42 43 31 45 2
29 45
28 7
37 5
36 14 41 22 23 31 8 26 9 30 19 21 38
38 17
13 44 22 25
5 11
30 4
8 3
33 7
4 35
14 8
2 43 7
20 38 36
1 10
24 2
15 39 43
18 24
27 38
40 27
35 21
44 11 12
16 3 39
39 20
9 11
6 22 15 21 25 20 13 17 35 5 26 9
0
86
15 4
84 62 77 56
76 69
80 62
39 57
58 11 7 19 85
82 3 49
25 33
64 51 78 43 61 85 54 72
19 1
43 8 38 3 72 29 5 39 83
74 43
29 80 58 3 46 12 10 83 11 13 60 39 9 16 78 54 69
24 68 33
8 77 55 31 74 65 35 39 10 43 51 25
40 45 27 57 52
86 33
5 77 59 9
33 81 83 65
13 36
65 34 23 53
81 52 57 28
48 52
72 76 67 33 34
4 27 51 41
47 46
44 85
31 82 25 61
57 41
55 68 5 24 61 27
28 19
68 49 86
54 48
14 69
83 33
66 61
34 85 5 12 55 73 61
73 86 72 76
38 16 63 74 14 39 29 11 42 75 8 24 17 80 35 79 83 40 1 58 65
77 44
11 20
52 5 33 61 36
18 26
61 63
69 21 81 44 56
71 20
1 34 27 37
35 44
37 19 14 55
36 56
59 78 82 44 75
2 14 66 25 60 7
62 58 80
21 3
16 49
49 33 2 57 86
42 25
50 84 76 51 46 30 28 6
51 35
67 7
22 74
6 52 66 37 39 74 64 19 22 57 9 32 16
75 16
32 37
3 49
45 16
7 35
17 37
10 43
12 65 24 72 10 40 80 69 33 5 55 23 22 26 13
9 44 39
46 54
78 16
23 74
79 57
26 1
41 72 76 77
70 52
0
72
12 14
37 20
65 50 13
42 4
16 43
7 11
64 39
67 40
36 2
31 63
39 28
9 8 33
44 41
23 62
20 65 5 28 24
10 17
48 4
51 42 62 41 59 11 69 10
1 17
57 42
15 16
53 54
5 66
14 68 67
25 34 55 42 45 23
49 21
19 61
13 53
61 64
28 50
3 26
30 1
27 16
68 39
29 11
6 35 33 4 34 43 30
55 31
60 25
18 47
34 37 13 39 11 8
72 8
43 36
54 18
21 71 51 44
4 46 62 36 66 41 32 47 34 49 3
56 68
40 27
17 10 43
63 34 70 41 7
70 21
26 3 62
41 11
58 26
24 71
2 55
22 48
71 64
8 53
50 63
32 42
35 72
38 56 37 27 60 67 8 72 29 6
11 45 33 56
45 64
69 24
52 57
0
60
52 32 8
12 10
49 31 46 16 11 60 39 1 43
31 3
40 55
10 50
8 38
21 12
26 4 33 3 54
44 38
53 37
60 18
5 17
41 49 50
36 55
29 19
48 49
39 59
18 4
45 21
7 29 44
23 40
4 13
22 49
28 30
33 26
58 10 6 18 13 48 11 45 36 38 17
1 31
38 27
6 49
47 58
15 25
17 24
24 55
27 45
55 18
46 38
20 43 42
51 4
25 32 48
43 57
19 5 24
30 41
42 60
2 19
13 5
11 30 42 58
35 6 47
57 8 33
54 14
59 14 40 45 42
56 58
34 4
3 59
50 39
9 42
14 15 58 9
32 54
16 48
37 2 32
0
30
12 29
15 24
2 16
19 28
21 8
22 28 6 19 4 27
27 2 22
14 12 28
9 1 18 8 27
1 3
30 10 7
13 21
10 12
25 7
8 4
4 27
18 6
17 11
5 3 14
29 7
11 15
7 29
26 8
23 30
3 27
20 14
16 13 2 19
6 14 8
24 22
0
83
28 51
60 42
4 53
30 60 73 17
46 2
48 3 40
53 14
51 4
44 23
75 58
32 2 52
63 74
74 79
55 6 35 78 71
10 14
67 15 37
77 75 46 68 83 81 62 74
7 14 78
25 43
50 49
12 26
20 9
73 24
52 13 62
42 49 57 33 14 74 45 6 71 36
1 25 22
81 26
58 82
38 26 11
56 68
21 71 17 24 20
64 72 7
40 5
34 59
69 45 30
15 32 11 14 8 2 70
36 55
62 21
19 75
82 9
80 29
37 22 47 32 36 5
27 49
41 9
16 11 70 39 18 9 68 14 29 21
11 49
2 5
39 33 1 75 17 14 23
6 27 2 11
78 70
14 82 16
8 62 50 75
61 55 58
71 39
13 29
29 27
17 47
43 8
72 31 6 35 36
68 77
35 67
18 63
59 34 62
24 54 42 46
9 77 66
66 57 27 4
26 43
5 82 75
49 20
54 35
45 48
70 35
47 55 25
22 53
83 61
79 76 63
23 32
76 67
33 39
3 56
31 56
57 60
65 42 8
0
12
8 7
2 9
10 6
6 11
12 10
11 9
3 4
4 2
7 4
5 7
9 10
1 12
0
21
11 15 3 21 14 17
14 13
10 2
8 14
18 11
4 17
6 13 3
17 18
19 21
16 12 17 15 7
5 9
21 3
12 9
13 10
9 16
2 21
3 8
7 1
1 18 16
20 13
0
80
78 65 6
17 60
65 20 23
73 9
50 73
77 20
4 76
45 25
75 63
67 1
72 22
63 56 39 35
56 41
74 34
43 76
9 73
31 52 34 71 69
10 73
48 17
46 12
21 49
55 17
16 17
33 5 25 15 21
34 24
27 39 49 70 7 1
24 30
2 51 63
62 54 27
22 44 1 10
25 37
15 66
68 65
29 24 12
26 48 62 35 14 53 76 1 43
11 68 48 73
30 64
1 35
41 61 2
64 79 55 31 80 46
80 67 4
18 2
76 24 37
3 43
59 76
49 6
47 55
71 37
32 70
39 59
37 41 73 15 14 38 46 55
20 14 26 37 29 1
6 32 64 19 24 56 33 69 46 31
70 14
42 77
52 68
57 52 73 15
8 70 45
69 68 28 63 71 78
66 79 68 24
61 69
19 78 3
36 59 11 44
12 30
60 72
54 4
79 49
40 39
23 36 75 6 3 57 45 1 21 14 54 42 73 53 64 27 56 47 12 71 40 63 29 80 44
5 29
13 20
14 35
7 24
58 76
0
92
69 44
61 25
45 10 53
71 87
34 39
76 9 69 70 67
32 80 52
25 80
41 58 74 64 34
52 47
66 67 85
13 28 57 32
9 24 70 22
19 78 54 39 71 14 81 91 51 82 40
17 35
3 71 88 6 57
60 8 70
63 20
64 35
57 23 66 11 42 87 18
5 31 15
28 71
70 47
88 30 37 55 59 15 69
26 89 91 46 66 35 82 64 71 36 76 31 30 38 86
80 61
24 33
31 80
50 43 60
14 26
75 24
89 28
73 19
90 39 62 57 35 72 92 58 68 78 38 27 6 2
78 42 52
77 47 56
47 72 25 45 7 46
10 90 7 64 26
58 82
38 22
40 91
1 8
18 3 16 32 47 55 25 75 2 26 59 80 64 89 37 36
37 65
91 83
30 52 63 2 35 7 47 23 49 12 13 25 8
74 45
79 58 9
33 88 15
23 92 78 39
56 79
35 57
55 48
86 28
72 8
4 41 25 47
42 54
48 18 61
11 18 62 44 64 33 74 54 89 80 38 72
8 46
82 9
7 63
46 4
92 90
65 77 21 32 89 7
2 61
59 64 56
84 86 75 70 56 54
62 51
85 12
20 87
21 8
68 43
49 29 75
0
27
7 2
20 8
25 2
3 21
15 1
16 27 7 20
5 21
2 22
23 17
6 14 16 9
18 10
12 16
26 3
4 19
17 18 2 8 16
22 21
1 13
9 2
10 27
24 20
8 15
13 21
14 24 20 6 13
21 8
11 23
19 9 22
0
13
10 3
3 13
5 3
1 8
9 6
4 1 13
13 8
11 3
12 1
7 10
8 1
2 9
6 5
0
54
48 2 35
42 26
9 18
5 25
22 3 7 18 40 28 34
35 30 9 12
50 12 41 17 16 10 21 46
34 30
8 30
41 25
43 15 48
30 49
1 45
24 20
29 3 42
14 35 53 3 21
46 40 23
52 45
3 8 53 30
13 16 6
38 32
2 11
26 50 45
18 8
15 6
36 38 54
21 29
16 7 45 22
23 40 54 39
20 4
7 4 38 18 6 11 54 41
37 35
47 16
44 39
53 19
51 3
19 11
31 44
4 30 27
45 33 18 51
0
79
54 12
32 50 73 39 30 13 42 36 12 66 3 17
63 8 55 60 45 67 12 15
19 69
64 67
33 1
13 55 23
73 24
46 10
8 44
35 31
12 39 50 65 25
58 76 2 39 15
11 36
50 24
28 31
1 48 79
41 77 6
24 43
55 3 13 6 43 60
59 57 47 33 1 3 16
26 5
6 27
29 45 42 38 77 17 41 13
18 55 31
76 56 60 17
48 9 42 72
23 71 3 10
77 5
30 50
53 9
15 56
7 4 57
39 13
36 14 37 42 46 65 48 73 12
4 19 70 38 71
22 78 76 21 11 7 35 48 55
71 47
31 65
10 23
14 29
49 36 40
74 69 17 51 21 43
2 4 18 3 76 53 43
27 76
66 23
42 66 77 51
37 70
20 4
78 23
57 69 75 43 6 66
17 18 77 62
67 65
61 41
45 55
5 53 66 38
65 12
56 77
69 77 74 34
21 11 61 28 13 51
75 30
79 24 57 10 31 11 39 5 22 20 7 9 71
52 30 79 12
9 11 77 31 46
40 28
25 35 22
68 28 20 5 1
0
90
47 38
67 73
31 51 58 79
77 27 75 84 49 78 26 64 42
15 88 7 2
7 72
60 5
81 39 4 67 27 10 85 64 33 11 77
58 14
4 75 34 71 61 72 74
38 65 5 77 78 43 2 35 50 48 58
53 31
46 44
63 26 71
82 65 12 84 9 42 1 24 4 41 22 89 27
28 89
19 21
16 62
79 64
35 14 31
76 38
27 66 14 36 38 11 61 73 57 16 80 52 33 65 49 50 18 48 2
48 33
24 59
68 45
5 67
69 72
6 49 62 30 89 55
73 75
80 83
61 48 88 82
59 10 60 11
52 83
18 87
44 7
21 1 76
83 59 11 20
87 36 45
56 42
22 17
36 52
66 2
43 76
90 45
54 38
50 36
13 67
57 10
9 22 72
86 39
14 88
65 77 1 32 4 18 15 37 62 47 71 56 30 51
2 16
11 46
8 68
75 29
10 65
85 59 17 73 36 53 19
34 16
1 38 35 53 58 51 88 55 66
17 73
51 77
89 66
23 70 87
26 2 42
78 6 12 39 14 56 87 45
70 36 80 75 31 43 26
41 86 76 50 9 42
49 80 82 68 84
42 31
29 62
33 20
84 62 33 27
72 79
64 37
74 65 55
12 32
32 19 11
40 41 28 49
37 69 62 77 49
3 90
55 13
62 36 23 18 35
71 58 74
30 21
39 70 49 22 26 62
88 33 6
20 62
45 61 48 67 40 9
25 30 12
0
74
4 31 1
1 57
24 48
54 9
26 65
37 45
56 48 31
72 9
3 19
30 70
47 27
70 53 15 30
7 70
57 3
41 1
52 11 60
53 65 60 17
51 3
64 33 65 57 35 1 20 13 31 38 42 12
46 31
48 19
73 17
43 72
2 25
38 32 74 53 48 23
74 37 64
33 21 29
22 74 73 46
31 57
15 65 38
12 65 5 21 37
71 25
66 46
59 65 19
55 70
67 8
60 50
62 66 41 50 23 36 12 6 17
35 71
14 63
25 17 66
61 44
11 40
32 59 19 62 40
40 26
5 49
36 12 73 37 59 26 72 28 16 1 44 41 43 24 42 49 51
23 44 49
39 69 35
69 24
29 74 58 71 64
44 28 18 14 22 30 5 9 54 1 63 56
18 1
49 18
45 55
50 39
63 23
10 1 42 59 50
34 3 30
17 70
42 45 3
20 5
68 48
9 25
16 38 13 69
65 54
19 29
8 72
21 27 49 36
0
10
5 1 6
9 3
4 3
7 4
6 9
10 7
8 1
1 3
3 10
2 4
0
77
21 39
41 77
46 51 59 6 18
24 41
32 31
3 41
4 60
69 8
13 68 11 28 3
23 54
49 73 64 2 76 72 77 53
60 69
33 70
7 58
68 70 35
43 44
20 47
48 15
62 28
67 17
71 19
70 44 34 64
31 11 47
39 38 41 55 30 14 21
40 17
34 40
6 77
16 76
61 35
66 77
15 60 16 58 12 38 34 8 19 13 42
64 31 73 56
72 73 36 11 51 47
11 22
50 51
35 74
9 23
18 38
51 35
17 22
53 42
56 10
25 11
54 19 1
45 74
12 3 74
74 42
65 49
58 57
1 26
44 69
22 6
63 2
36 21
75 40 53
8 29 1
42 74 76 17 24 14 31 57
10 64
57 23
26 19 60 20
47 24 21
76 42
73 59 57
55 63
37 60
52 5
30 3
59 76 24 1 35
28 66 47 55 45 3 21 7 67 39 12 37 35 64 72 74 54 51 68 50 19 16 56 23 33 41 52
29 4
19 11
38 67 51 24
27 40 7
0
37
15 10
1 11 29
26 9
10 37 25 34
35 32
6 23
33 31
30 22 32
19 20 35 25 5
23 8 31
4 21
2 16
22 21
32 30
3 27 32 19
5 16
11 14
16 18
14 13
24 18
8 29 1
12 6 18 28
29 17
36 11
7 2 11
13 21
37 28
34 21
31 14
21 5
20 11
25 5
17 29
9 6
0
60
48 58
38 28 7 17 18
44 43
13 5
58 35
35 41
28 59
11 3
36 22
54 56 53 40
40 60
52 40
24 52
56 34
49 51 6
20 8
50 57
10 53
7 23
33 29
39 58
42 48
19 26 18 12 2 16
22 42
45 11
26 59
41 19 1 43 49 35 30 8 16 6
9 21
4 22
17 43 3 51 18 56 36 4 57 32 6
30 24
6 11
53 24 31 40 37 60 10
12 2 11
60 39
21 29
55 22 29 44 21 5 24 45 4 10 15 16 6 20 41
43 40
15 31 26 57 54 48 33 49 56 59
31 45
23 7 10 31
18 58
2 9 42 52
51 19
47 36 22
1 34 43 44 56
46 10 28
27 32 36
59 47 49
16 3
34 38
57 23 1
37 43
8 1 39
32 12
3 46
29 13
25 1
5 24
14 2
0
45
14 34
6 17
43 41
27 40 37 5 13
8 29
9 41
19 14 42 35 5
30 5
3 31
13 44 3 9
40 14 2
10 43
35 11
18 16 37
17 45
34 33 43 31
16 21
4 6
31 4 12
21 29
45 37
11 35
36 22
38 40
39 32
2 14
5 17
29 33
24 23
41 17
20 24
33 34
23 7
44 40 31
37 12
22 6
1 25
12 41
7 19 6 28 24 44 4 14 9 18 15 12 45 39
26 35
15 7
28 17
25 34
0
70
59 48
66 37
44 9
5 16 69
15 43
30 36 70 31 34 23 35 42 27 21 28 48
32 19
68 67
41 21
49 34
12 24
35 4
34 26
60 21
43 42
8 47
21 32
39 21
6 18
9 34 15
3 16 39 63 36
46 66
64 46
47 18 63 27 45
31 34 64 42 57 1 22 24
29 23 33
25 65 69
7 40
20 38
1 67 12
18 70
69 30
11 57
50 16 43 23 39 54 28 38 52 15 69
22 14 52
70 21
26 41
4 12
57 63 17
10 14 1
17 15
14 50
40 19 59
36 53
65 22 10 13
62 1
16 12 58 41
33 35
24 10
54 63 28
56 25
53 42
27 34 44 26
61 44
52 2
37 40 2
13 55
23 59
2 24
55 12
63 59
45 26
51 54
0
17
1 14 11
6 7
10 15
8 10 15
14 11 1
9 7 12
3 1
7 12
4 8
13 17 7
17 6
5 11
11 8
2 5
16 9
15 17
0
77
35 31
14 27 47
60 13 36 32 26 68 19 1 23 2
52 10
73 37
30 33 72
74 32 40 25 77
18 76 19 12 35 46 41 54 8 39 17
56 58 33
17 15
53 16 4 43
20 37 34 2 54 45 69 16 52 77 68 66 65
41 46 10 35
27 4 72 20 55 38 12
70 39
2 38
16 41
58 3
63 25
5 9 16 65 40 54 43
9 69 68 71 31 19 27 70 51
65 4
8 56
42 55
50 41
29 9
69 42
26 3
15 33
36 39
7 30 11 74 70
77 57 18 13 54 74 55 48 44
37 53
46 23
72 58 34 25 17 44 16 35 24 69 74 37
44 22 49 38 61 43 58
11 68 63
64 51
47 68 44
6 68
71 35
54 20
57 25
66 53 40 8 75
40 69
32 42
19 57
55 12
76 21
25 18
33 11 17
61 59 46 36
43 31
23 32
10 73
39 57
4 43
28 18
51 13 21
68 33
31 19 22 67
12 2 5 24 69 60
21 39
38 46 37 53 36 10 77 63
13 65
22 71 53 68
48 27
59 22
45 9
67 16 53 2 69
62 50
0
71
3 52
68 60
45 71
33 15 24
31 41 49 60 44 56 32 29 53 26 63 17 54 62 9 22
35 32
11 59
19 30
7 29 62
62 53
9 68
65 31 71 13
5 47 28 2
15 49
16 3
55 70 62 60 43 36 42 5 10 58 19 32 4
63 15
36 46 52 62
71 64
61 30
2 14 13
14 61
21 57 20 66 2 70 69 63
6 53 27 38
30 41
22 69 49
66 32
1 44 39 52 17 28
28 50
37 12 3 20 1 59 49 62 2 47 21 45 46 22 29 4 7 30 24 60 52 33 57 69 39 14 15 68
51 54 12
58 55
34 25
59 26
60 28
54 69
10 36
40 26
46 31 49 14 6 54
48 68
44 56
18 15
69 24 32 12
4 54
50 17
25 57
13 16 65 19
8 39
52 58 51 65 6 68 16
24 69
42 11 66
27 12
23 61
67 58
0
98
76 61 92
38 81
62 46 21 73 98 94 55 52 71 39 40
63 73
12 61
75 71
35 39
88 13 78
7 23 65
18 35 12
56 51
74 26 32 3 58 7 25 24 79 38 54 85 89 60
21 68
5 10
80 43 83 28 22
69 79
49 8 53 71
32 30 20 50
14 38 9
64 89 18
24 44 98 51
73 40
82 92 38
59 87
41 57
51 52 6
78 95 14 76 89 57 72 20 45
13 92 25
90 47
28 10 88
23 61 66 13 55
86 35
94 66
36 50
25 71 38 10 29
72 31
30 53
87 12
79 80
71 84
58 98
95 69
48 8
61 50
85 16
54 56 71
3 7
53 89 68 3 67
83 70
89 88
1 49 85
43 86
65 40 7
19 35
55 3 67 22
16 87
4 21
20 98 39
60 62
50 39
37 61 89
22 76 7
57 28 90
98 81
9 92 62 20 1 75
84 56
40 96
91 62 52
11 45 51 23
67 3
70 63
6 87
97 24
27 17 87
45 61 58 32 15 62 36 51 65 34 40 11 21
2 21
52 22 48 65 14 55 32 27 88 37 64 93 78
8 28
34 93 85 75
68 15 18 59 8
81 67 52
93 77
96 97
47 88
92 48
17 90 85 32
33 9 48 50
42 73
0
0
