1 1 1
1 1 2
0 0
1 2 4
2 3 3
3 4 5
4 5 6
1 5 7
1 6 1
5 6 2
0 0
1 2 1
2 3 2
3 1 6
1 2 5
2 3 3
3 1 4
0 0
1 2 1
2 3 2
1 3 3
2 4 4
0 0
2 19 62
2 25 46
13 7 3
9 9 19
25 1 5
13 29 34
13 22 57
12 18 16
13 8 35
24 25 78
4 18 24
17 18 76
4 11 64
27 28 68
17 19 29
17 11 42
9 2 56
1 3 73
19 21 30
1 10 2
20 18 4
11 10 39
27 29 9
15 6 14
18 14 25
14 9 26
17 26 45
9 11 27
21 6 52
3 25 23
5 14 17
26 27 79
15 23 15
2 2 50
5 24 33
7 26 71
20 14 37
2 25 38
20 21 77
27 5 61
6 24 6
25 28 58
11 20 49
26 30 32
15 10 55
29 11 65
21 26 31
8 27 21
13 15 75
18 26 36
2 18 1
27 3 67
7 12 51
26 14 54
9 7 43
11 10 66
23 27 13
24 5 63
13 6 59
6 22 10
19 18 40
5 7 74
28 25 11
10 4 7
2 30 70
27 24 60
16 24 22
30 17 41
10 25 53
16 4 20
11 17 28
26 3 72
14 7 48
29 30 80
22 6 12
5 13 44
24 1 69
22 7 18
24 13 47
28 7 8
0 0
0 0

