5 4 8 11 13 4 7 2 1
not complete
not complete
90 126 86 116 44 71 13 50 9 149
107 16 45 112 30 145 8 39 10 43 34
10 7 6 9 4 8 5 2 5
4 8 45 78 6 54 12 45 9 3 13 38 33 102 54
not complete
129 556 399 77
512 591 969 927 518 13 549 663 455
216 165 583 52 19 496 33 891 718 903 650 266 666 915 575 53 325 506 52 20 978 374 119 489
787 978 2 381 358 770 331 870 302 656 583 924
27 468 817 900 277 129
not complete
248 117 564 965
813 760
not complete
485 157 538 56 419 525 627 11 151 355 449 505 527 601 979 1 36 95 152 340 407 429 473 488 526 534 556 626 926 983 2 34 49 82 132 153 170 343 367 418 422 440 459 478 532 535 547 558 617 802 963 995 20 47 52 72 85 98 147 165 314 341 354 360 368 416 428 432 442 458 460 481 528 537 552 600 615 620 670 884 947 978 994 999 13 29 40 64 77 86 123 138 160 167 230 333 347 358 385 411 438 443 452 465 567 619 624 662 785 810 892 940 962 972 987 18 24 58 76 113 127 137 225 304 331 351 377 390 433 453 559 598 645 778 801 858 886 919 931 945 955 971 993 17 19 106 131 176 232 322 350 372 379 386 393 455 590 635 648 716 781 796 833 870 885 896 923 934 948 16 104 109 218 296 371 373 394 454 456 578 593 634 637 692 756 786 830 848 861 878 899 193 263 398 585 591 684 696 719 765 820 845 849 859 866 875 901 191 217 247 271 579 680 689 704 717 751 762 837 867 900 903 201 244 254 264 287 681 688 701 709 728 752 760 910 196 209 243 253 269 281 289 687 699 737 200 215 288 212
74 31 414 16 65 128 843 2 26 36 72 99 341 455 945 8 53 86 210 356 446 581 927 981 51 59 85 94 149 262 342 375 437 449 549 712 915 977 987 75 139 190 219 315 370 396 436 469 559 616 805 890 916 973 980 83 152 252 291 324 374 401 456 524 556 568 601 689 753 820 857 900 922 948 974 159 233 253 263 322 326 411 512 541 554 576 683 710 732 770 810 898 158 175 227 258 328 477 530 546 661 687 185 340 482 636 332 481 494
603 131 646 70 340 615 813 65 89 281 522 607 633 700 899 57 76 100 186 316 495 543 618 690 754 888 995 52 121 142 216 303 371 503 541 600 620 687 701 765 814 942 42 139 145 206 226 301 368 417 500 536 573 671 721 758 806 863 925 955 185 248 367 405 434 589 666 681 719 731 779 812 829 876 911 976 254 599 658 670 808 818 835 909 957 255 831 860 973
not complete
1 2 3 4 5 6 7 8 9 10 11 12 13 14 15 16 17 18 19 20 21 22 23 24 25 26 27 28 29 30 31 32 33 34 35 36 37 38 39 40 41 42 43 44 45 46 47 48 49 50
