5 4 8 11 13 4 7 2 1
not complete
78 84 24 65 8 116 77
104 67 71 16 77 13 111 78 102
84 63 61 135 2 55 125 64 127 86 145
71 105 22 64 70 138 6 66 137 36 26 82
not complete
873 61 974 44 223 921 980 116 436 228 456 439 544
not complete
not complete
908 151 988 140 867 959 65 146 185 890 912 43 162 329 955 570 389 753 342 564 588 804 337 353 449 752 810 444 549 724
382 131 676 14 159 525 705 12 121 151 304 456 629 707 54 410 558 664 767 24 66 557 560 902
not complete
106 66 365 26 271 750 48 179 318 401 860 176 204 315 385 405 827 127 247 313 671 763 312 512 502 518 612
448
950 571 532 868
202 144 951 680 983 243 712 333 836 270 499 850 299 482 546 285 391 653 447 677
759 707 999 127 722 993 85 381 731 905 32 109 151 426 723 758 897 938 11 66 89 143 273 411 545 740 825 898 927 989 6 19 68 130 150 161 310 382 412 440 703 799 864 918 84 128 140 157 178 284 325 392 420 510 582 706 796 824 847 889 77 259 281 285 318 380 483 511 573 664 778 812 839 851 215 294 354 477 486 515 570 605 679 760 832 205 250 333 355 454 479 501 595 617 252 346 377 444 508 353 374
986 252 999 156 442 987 45 246 381 540 993 30 83 162 250 361 384 489 766 18 39 52 108 158 236 315 367 432 487 517 751 770 10 26 46 70 105 150 157 203 240 290 316 380 392 465 488 515 532 683 754 956 9 50 60 79 87 148 180 220 237 281 292 352 374 385 401 458 475 496 539 574 730 901 973 53 86 101 114 149 164 214 231 261 297 334 354 373 378 390 395 420 445 470 493 507 545 658 698 732 775 947 967 983 85 97 113 140 204 224 270 295 351 375 446 473 504 509 542 550 656 662 695 705 744 771 818 907 949 957 122 213 279 344 547 572 611 668 701 711 804 852 936 961 130 272 336 558 597 629 665 671 699 728 802 809 846 881 925 939 958 271 278 551 564 595 601 625 650 682 777 825 847 886 922 944 592 604 612 630 654 681 781 821 832 885 889 911 609 632 678 788 827 631 641 646
305 62 391 34 127 351 894 4 40 113 304 348 373 568 949 9 37 48 112 232 347 349 360 383 436 699 907 963 46 103 223 259 318 354 364 388 400 546 570 731 903 930 960 980 47 90 164 260 311 324 368 399 425 481 561 644 729 871 895 920 941 956 969 995 77 98 141 222 298 317 334 440 504 558 643 655 714 838 879 901 919 937 950 970 984 149 173 279 315 439 464 482 529 552 625 667 710 727 830 868 877 881 896 953 972 147 152 200 277 286 446 466 499 539 556 577 627 657 697 703 724 790 831 863 874 892 150 491 575 610 681 783 810 844 571 580 620 752 841 850 586 612 748 754 744 773 758 777
333 327 640 194 342 827 87 261 436 814
179 113 907 59 157 313 994 53 62 167 274 897 939 13 110 193 533 921 323 854 384 675 370 402 614 838 428 552 669 565 593
539 95 720 49 385 584 741 14 74 212 510 556 618 726 906 1 25 64 78 123 216 416 535 558 591 700 723 882 966 4 57 69 87 111 139 307 415 497 512 610 661 701 759 889 946 998 65 96 135 165 287 324 402 463 508 533 627 674 747 814 888 900 929 954 984 124 163 179 219 300 317 360 400 455 491 525 634 742 771 868 884 892 905 912 933 952 972 143 168 198 269 294 347 372 386 434 522 769 794 856 893 903 932 936 951 152 169 191 264 283 342 364 392 446 763 787 812 820 858 160 186 235 267 278 285 325 772 793 819 825 864 162 180 234 236 266 775 816 832
456 425 724 243 449 633 769 54 418 445 453 512 685 748 851 45 73 267 422 436 448 490 545 654 701 740 758 770 923 39 48 68 155 264 366 420 427 480 500 524 599 639 674 688 705 730 795 852 972 12 43 125 169 247 278 413 434 468 487 520 537 594 614 637 643 672 694 722 789 805 887 930 989 24 121 132 165 201 246 261 273 335 404 483 580 601 621 636 664 720 771 802 848 868 907 926 971 982 23 34 120 139 172 210 248 330 340 368 406 567 593 611 627 660 666 801 836 886 913 960 117 141 180 228 292 331 352 398 410 562 584 830 932 964 96 195 223 236 284 304 345 362 557 586 831 954 968 81 106 191 303 312 359 554 590 934 966 194 294 950 296
not complete
not complete
669 136 817 87 388 678 918 32 120 319 468 674 791 842 937 10 63 118 125 238 380 420 549 673 677 781 799 836 862 936 966 6 30 61 79 94 129 179 289 329 383 410 459 543 627 775 786 807 826 839 851 896 921 954 990 13 31 54 93 96 131 160 215 282 311 326 362 392 417 427 462 479 544 562 630 698 779 804 822 838 843 853 895 912 935 956 983 995 53 58 157 166 195 235 246 284 300 314 349 379 401 422 445 461 463 475 527 560 602 664 679 747 780 802 820 846 852 855 865 901 965 969 996 145 162 181 206 216 244 268 287 293 317 371 438 458 472 477 489 534 558 567 607 647 668 689 726 770 859 864 886 897 902 963 978 164 189 199 228 264 276 369 373 429 443 473 476 480 517 541 551 578 603 626 631 650 740 774 908 972 163 165 188 191 205 251 267 273 364 484 504 518 538 550 570 593 610 648 655 729 975 253 275 481 502 509 521 536 585 594 609 615 256 500 582 586 601 624 258 495 494 499
537 113 776 107 403 766 951 91 350 505 538 842 214 464 529 694 187 310 442 486 684 708 246 344 435 231 311
1 2 3 4 5 6 7 8 9 10 11 12 13 14 15 16 17 18 19 20 21 22 23 24 25 26 27 28 29 30 31 32 33 34 35 36 37 38 39 40 41 42 43 44 45 46 47 48 49 50
