5
1 1 1 2 3
10
2 6 8 7 5 1 2 3 98 65
10
2345 3214 5689 4123 9866 2355 2 2365 1478 2589 
50
2345 3214 5689 4123 9866 2355 2 2365 1478 2589 2345 
3214 5689 4123 9866 2355 2 2365 1478 2589 2345 3214 
5689 4123 9866 2355 2 2365 1478 2589 2345 3214 5689 
4123 9866 2355 2 2365 1478 2589 2345 3214 5689 4123 
9866 2355 2 2365 1478 2589
100
2 6 8 7 5 1 2 3 98 65 2 6 8 7 5 1 2 3 98 65 2 6 8 7 
5 1 2 3 98 65 2 6 8 7 5 1 2 3 98 65 2 6 8 7 5 1 2 3 
98 65 2 6 8 7 5 1 2 3 98 65 2 6 8 7 5 1 2 3 98 65 2 
6 8 7 5 1 2 3 98 65 2 6 8 7 5 1 2 3 98 65 2 6 8 7 5 
1 2 3 98 65
0