5
2 3 4 98 1
5
11 23 65 89 236 
10
1 2 32 41 52 51 4 3 2 1
50
9 8 7 6 5 25 85 66 32 159
96 8 7 633 5 25 85 66 32 159
932 81 7 62 5 25 85 66 32 159
9 8 7 61 5 25 85 62 32 159
9 832 7 6 5 25 85 66 32 159
100
123 32 56 85 96 456 12346 55 23 1 2 3 85 1598 98
123 32 56 85 96 456 12374 55 23 1 2 3 85 1598 56 
123 32 56 85 96 456 12234 55 23 1 2 3 85 1598 23
123 32 56 85 96 456 12334 55 23 1 2 3 85 1598 17
123 32 56 85 96 456 12934 55 23 1 2 3 85 1598 11
123 32 56 85 96 456 12346 55 23 1 2 3 85 1598 98
123 32 56 85 96 456 12346 55 23 1
0