19
9 3
100 200 300 400 500 600 700 800 900
5 4
100 100 100 100 100
9 1
1000000 2000000 3000000 4000000 5000000 6000000 70000000 8000000 9000000
9 2
1000000 2000000 3000000 4000000 5000000 6000000 70000000 8000000 9000000
9 3
1000000 2000000 3000000 4000000 5000000 6000000 70000000 8000000 9000000
9 4
1000000 2000000 3000000 4000000 5000000 6000000 70000000 8000000 9000000
9 5
1000000 2000000 3000000 4000000 5000000 6000000 70000000 8000000 9000000
9 6
1000000 2000000 3000000 4000000 5000000 6000000 70000000 8000000 9000000
9 7
1000000 2000000 3000000 4000000 5000000 6000000 70000000 8000000 9000000
9 8
1000000 2000000 3000000 4000000 5000000 6000000 70000000 8000000 9000000
9 9
1000000 2000000 3000000 4000000 5000000 6000000 70000000 8000000 9000000
99 49
1 5000000 1 5000000 1 5000000 1 5000000 1 5000000 1 5000000 1 5000000 1 5000000 1 5000000 1 5000000 1 5000000 1 5000000 1 5000000 1 5000000 1 5000000 1 5000000 1 5000000 1 5000000 1 5000000 1 5000000 1 5000000 1 5000000 1 5000000 1 5000000 1 5000000 1 5000000 1 5000000 1 5000000 1 5000000 1 5000000 1 5000000 1 5000000 1 5000000 1 5000000 1 5000000 1 5000000 1 5000000 1 5000000 1 5000000 1 5000000 1 5000000 1 5000000 1 5000000 1 5000000 1 5000000 1 5000000 1 5000000 1 5000000 1 5000000 1
200 3
5000000 1 5000000 3 5 9 2 4 9 9 9 2 2 7 8 9 7 5 7 8 2 2 1 1 7 7 2 2 1 4 7 3 1 3 5 5 1 5 7 7 4 6 8 3 1 4 2 7 8 7 6 7 8 6 7 3 2 6 2 9 1 9 9 1 9 5 4 9 7 8 6 8 4 5 2 5 6 1 9 3 7 3 9 3 7 5 4 6 1 5 5 8 4 5 7 2 7 1 1 4 6 7 2 9 9 3 2 3 4 9 5 8 2 5 9 6 7 3 2 5 7 7 4 9 9 1 1 6 8 1 7 4 5 8 3 2 9 3 5 1 2 9 6 1 2 5 7 6 7 8 2 5 5 5 2 2 5 2 5 3 9 2 4 3 8 6 4 7 6 6 5 7 6 1 8 5 6 5 2 3 1 3 5 4 7 6 5 9 5 1 9 3 2 3 5 9 6 6 4 3
1 1
1000000
500 100
5139 25 9323550 9 5396666 646 389020 5911155 27 8897522 58 1955979 151 5712 261439 9 80 1 4263218 90 31989 16 32548 49054 233 5671 147215 2 9528 7 113580 216599 5409817 5794 3733 992 606322 81 9 391795 7 767082 2751667 959190 843221 24 162 6309907 86 5248 4040372 5390 853598 1880 57 98 687490 4870422 26 6622 300522 97 1 575350 461 424825 1188 457 8685 2 361 23855 2069 318 65 92 8978219 273809 47 875165 19 7457 556 284594 100 2 777 61 978 4284011 320768 981 27 4305306 76 4432 996721 36004 152 44867 3336 62 9 5351411 3700 5844701 31839 25 3280911 723890 324 6 5622936 9487052 20 65 692 8475846 47 5498 730 17 2 8037 360285 1984581 950 418421 5 75 620 96330 64 1944 3415701 530960 253 7 2 5951 40 3404327 5981331 499101 51 862001 598165 632 46712 641 1 3044 12931 8929764 2684 62 347 7666282 50 3022061 93 822 9 88 32 4916575 2 932425 7 8 10332 44886 8200153 1 392766 9410 67435 66 36 1380078 2 4219 582 55929 1397 99721 609932 9480865 57 1548861 80 683 8684 1786858 52 5780299 95649 151895 54 5014791 133629 230 20 39 128 649 205336 2 30 85442 930354 19 42 89287 53 348 18491 787 69 89 59 84306 5184815 5 59809 584 20692 16 3295372 7812771 3 22060 259 287 2 68626 6816 4 81660 38 9 981 227 74 2 8646766 2361389 354208 35 2775 2335671 9488 683 325 5794855 3 55535 43 57693 653906 4 602599 384 112005 986 35178 82 297 946082 9 5129518 90 8 433 64700 1407 412892 84 247126 349 470 561020 5895 4619 38289 13122 100 85395 37 753730 72476 3 6 347 57338 14 4925 63 3259812 845498 96060 8519 14 90480 444092 7632983 9 634638 4252613 9178 1383 16995 186080 77 9 960329 7 4860 2 2 52 3368843 6491 7 9 5175 350 368839 27729 6 992 2283364 9193 79 2156258 20563 71 75323 809203 52 8 3 99 95738 389 940997 9 4810 90 949 22272 18330 251 6 46204 445805 787 56768 411 65 8260 1627957 1381765 9652 684 7300453 32816 4848 8607 3487327 988661 63621 938247 66085 97 3 513 18215 45258 652274 170 2895 84 74755 98 23553 11355 3758 65 636956 422494 6068 502 19243 51 4700 626 8005 78040 7309208 87 7 28 4567 949 4 53161 953151 401756 73 76542 1627 9121 9 955094 849 9468143 25 603 1997369 40117 58049 5213466 24291 44 745 3590 4 58 76222 8671411 9682 32269 859 1729623 850477 1626057 47 76 7970916 4 1745275 8721 56 94 9614367 51 7650758 71319 893 168330 990 2060315 20 5902708 43 120019 8 97811 5868 13 65 6811 9533 4 9431864 49794 74 430 63 9909756 37890 3 821178 203 166172 895 230 6 539 39 2956 3224589 4 763910 5 240 83 1 1812 44257 101 70 9 5306626 468 9 970018 55 42
141 41
8617 1484248 62 5 278 931 100 33 642 377 6 480 178130 165909 4423107 2 72 10 7090 6016389 483616 650188 22 9 881671 1806 67240 52 945 42843 86452 4008325 21568 8187406 9082 376 7294179 5321750 2183541 92 93 8 6 940451 23048 861128 40 610173 909 8 10 1814444 299 3034 4669 83757 8 3544123 35 7 3500667 33 19 10 41 10 3 39248 1715 120 163 648 4095333 6971189 89 1 9126 94511 27433 72223 1 2416 4 69 423001 804 227968 5616985 7897682 22799 1910 8540286 97464 946405 76 62372 38452 3 999155 8876 65 317 70834 926 511030 11412 564 16678 848 228627 4314246 9510 90 6781 80539 50 39 987 287 3 7 7 612271 493633 9 8710 9610 9856179 137 4 604880 30 60 42 353231 366 6791502 1 22959 934 4
3 2
7675 255469 7702
170 48
5377 812 1871952 6 27921 9378 3125 2426140 6 2408544 577530 13 570508 8726 8298542 73187 39340 264 5751634 514 157631 5192576 9 5919 300065 35 1133515 70851 5976 9 4 14764 87 19865 320 4 2620 140 1 66 1422481 8695905 98 59902 319 78183 3519084 48 78 886 293 2517 7 4 18 356 30 672220 89 5 201227 74 72837 42 890937 503215 68 504142 34090 2199210 439186 544060 2755988 6 9 4955 1 2 345002 5 1 67 4143 16034 719 795 19097 4122 471739 349 69 34 4698371 6638 4929 795574 91192 53389 3104 42621 810 77 1 5911401 5 10 7313 21794 8755234 5231 4 8609 12600 94 10 7876 881 3868698 1 5564 706159 3883606 19 19 6431 612507 9214333 98153 112 162 112 9464 2 752845 1 3433300 4384 26432 411 2 28851 81536 5 466 8 423 3283417 6542338 7 841601 76097 950 76 86 6583 727578 3464886 864791 7857 2020459 86 4043 1333065 48361 224 549 8165024 39505 2 9635723
89 48
9465 126 6738 6159230 6662 4282 426 19 779945 896536 8863386 67431 2 9 67 2 20 4 339108 107606 3098195 73919 76 173 8 708730 1284006 823225 49092 8 7509 761840 1717 5102800 7 46 138 4751 3 8969833 10 1150993 71026 6873 82 378 1 887622 23 604 2 316372 323116 12 397 201192 63 74 358857 906409 7032039 56880 5355 749790 567416 111159 6645 803827 3 7532 9435 77 77136 78290 7547 634 6 395857 243717 2 390 12 8808692 1497 77 135364 104 12 43541
