19 20
588
589 590
591
592
593
594
595
596
597
598
599 600
11087
11098
11109 11110
109989 109990
244259 244260
4774775
114345347
27602243344
9999999999999 10000000000000
740740739 740740740
12345
116
699 700
1508805199 1508805200
1111111
1111111009 1111111010
100896733895634232
111111108888888887
11111111111111109 11111111111111110
19 20
588
589 590
591
592
593
594
595
596
597
598
599 600
11087
11098
11109 11110
109989 109990
244259 244260
4774775
114345347
27602243344
9999999999999 10000000000000
740740739 740740740
12345
116
699 700
1508805199 1508805200
1111111
1111111009 1111111010
100896733895634232
111111108888888887
11111111111111109 11111111111111110
