3
3
5
1
2
25
22
52
87
142
689
421
287
3664
8241
10455
7982
396
10801
16430
18028
20542
21947
18286
20002
24303
23498
13158
28598
29980
32994
32604
23886
6397
32538
24296
41119
6631
10452
26486
25809
42368
24011
45166
14341
35509
54788
50532
48936
38426
55673
57304
9262
45873
57287
67106
54883
60348
64990
73172
67803
57250
65059
85820
60540
11348
103313
106664
107962
80446
127338
132284
137067
58033
93823
140848
148928
52201
68484
116672
147795
130365
150399
172880
128891
100722
173955
133869
187393
214345
219152
270042
267999
291881
311797
308706
329510
344052
370671
373246
