6
6
3
3
2
9
14
72
68
70
11
1351
963
4836
3384
7136
10888
5597
9944
13963
3266
6347
3582
2860
3734
8564
27098
26802
27995
28559
30993
13412
23727
20026
28184
35829
39461
13409
7185
43017
43970
595
47517
12411
52977
2678
53058
55168
39544
49282
49699
59225
61751
45319
66481
65815
34775
69754
74737
23410
48620
58707
76838
84498
92031
91495
75765
102343
18816
55370
60169
55258
29589
136971
41870
75264
151577
109510
144874
154103
77871
165644
166475
162733
117172
147121
113706
168355
186833
189574
226969
228495
293154
299723
295799
302589
313048
334298
340556
374094
