1 2 2 4 1 3 3 1 4 3 0 0
1 2 1 4 4 2 2 7 7 1 0 0
1 2 2 3 3 4 4 5 5 6 6 7 7 8 8 9 9 1 0 0
10 80 80 10 0 0
100 99 99 98 98 97 97 96 96 95 95 94 94 93 93 92 92 91 91 90 90 89 89 88 88 87 87 86 86 85 85 84 84 83 83 82 82 81 81 80 80 79 79 78 78 77 77 76 76 75 75 74 74 73 73 72 72 71 71 70 70 69 69 68 68 67 67 66 66 65 65 64 64 63 63 62 62 61 61 60 60 59 59 58 58 57 57 56 56 55 55 54 54 53 53 52 52 51 51 50 50 49 49 48 48 47 47 46 46 45 45 44 44 43 43 42 42 41 41 40 40 39 39 38 38 37 37 36 36 35 35 34 34 33 33 32 32 31 31 30 30 29 29 28 28 27 27 26 26 25 25 24 24 23 23 22 22 21 21 20 20 19 19 18 18 17 17 16 16 15 15 14 14 13 13 12 12 11 11 10 10 9 9 8 8 7 7 6 6 5 5 4 4 3 3 2 2 1 1 100 0 0
1 70 1 80 1 90 1 100 2 20 2 30 2 40 2 50 3 30 3 40 3 50 3 60 40 1 40 2 40 3 40 4 40 5 20 1 30 1 50 1 70 5 80 5 90 5 100 5 60 4 4 3 5 2 0 0
1 15 1 18 1 19 1 50 1 77 1 85 15 2 18 2 19 2 85 77 77 50 2 77 50 1 0 0
1 2 2 3 3 2 2 1 0 0
87 98 5 13 87 17 95 48 35 21 45 87 98 95 17 5 13 35 21 48 48 45 0 0
85 36 44 48 45 6 8 1 3 2 7 21 55 77 1 2 2 6 6 21 21 36 36 48 48 77 77 3 3 7 7 8 8 44 44 45 45 55 55 85 0 0
1 2 1 3 1 4 1 5 1 6 1 7 1 8 1 9 1 10 1 11 1 12 1 13 1 14 1 15 1 16 1 17 1 18 1 19 1 20 1 99 1 100 2 3 3 4 4 5 5 6 6 7 7 8 8 9 9 10 10 11 11 12 12 13 13 14 14 15 15 16 16 17 17 18 18 19 19 20 20 99 99 100 100 1 0 0
1 5 1 6 1 7 1 8 1 9 2 5 2 6 2 7 2 8 2 9 3 5 3 6 3 7 3 8 3 9 4 5 4 6 4 7 4 8 4 9 9 1 9 2 9 3 9 4 9 5 5 6 6 7 7 8 8 9 0 0
0 0
