6 7
0 1 1 0 1 1 0
0 0 0 0 0 1 0
1 0 0 0 0 0 1
0 1 0 0 0 0 1
1 1 0 0 0 1 0
1 1 0 1 1 0 0
1 2
0 1
1 8
1 1 1 0 1 0 0 1
7 8
1 1 1 1 1 1 0 0
0 0 1 1 1 0 0 1
0 1 0 1 1 1 1 0
1 1 1 1 0 1 1 1
1 0 0 0 0 1 0 0
1 0 1 0 0 1 1 0
0 0 1 1 1 0 1 0
4 29
0 1 0 1 0 1 0 1 1 0 0 1 0 0 1 0 1 0 0 0 1 1 0 0 1 1 1 1 1
1 0 1 1 1 1 0 0 1 1 1 0 1 0 1 1 1 1 1 1 1 0 1 0 1 0 1 1 0
1 1 0 1 1 0 1 0 1 0 1 1 0 0 0 0 1 0 0 1 0 0 1 1 1 1 0 0 0
0 0 0 1 1 1 0 1 0 0 1 0 0 0 0 1 0 0 0 0 1 0 1 1 0 0 0 1 0
6 40
1 0 0 1 1 0 0 1 0 0 0 1 1 0 1 1 0 0 0 1 0 0 0 1 1 1 1 0 0 1 0 0 0 1 1 1 1 1 1 0
1 1 0 1 1 0 0 1 1 0 1 0 1 1 1 1 0 0 1 0 1 0 0 1 0 1 1 0 1 1 1 1 1 0 1 0 1 1 0 1
0 0 0 1 1 1 1 0 0 1 1 1 0 0 1 1 1 1 0 1 1 1 1 0 1 0 1 0 1 0 1 0 1 1 0 0 1 0 0 0
1 1 1 0 1 1 0 0 1 0 0 0 1 0 1 0 0 1 1 1 1 0 1 1 0 1 1 0 0 1 1 1 0 1 1 0 0 0 0 0
0 1 0 1 1 1 1 0 0 1 0 1 0 0 0 0 0 1 1 1 0 0 1 1 1 0 1 1 0 1 0 1 1 0 1 0 1 1 0 0
1 1 0 1 1 1 0 1 0 1 1 0 0 1 0 0 0 1 1 0 0 1 0 1 1 0 0 1 0 0 0 0 1 1 0 1 0 0 1 0
34 34
0 0 0 0 0 1 1 1 0 0 1 0 1 1 1 0 1 0 1 0 0 1 0 1 1 1 0 1 0 0 1 0 1 0
1 1 0 1 1 0 1 1 1 0 1 0 0 1 1 1 0 1 0 0 1 1 1 0 0 1 1 1 0 0 0 1 1 0
1 0 1 1 0 1 1 0 1 0 0 0 1 1 1 1 0 0 1 0 0 1 1 0 0 0 0 1 1 1 1 0 0 1
0 0 1 0 0 0 1 1 0 1 1 0 0 0 0 1 1 0 1 1 0 0 0 1 0 1 0 0 0 1 1 1 1 1
1 0 1 1 0 1 1 1 1 0 0 0 1 0 1 0 1 0 1 1 0 1 0 1 1 1 0 1 0 0 1 0 0 0
1 1 0 1 0 0 1 0 1 0 1 1 0 1 0 0 1 1 0 0 0 0 0 0 0 0 1 0 0 1 0 0 1 1
1 0 1 1 0 1 1 1 0 0 1 1 0 0 0 0 0 0 0 1 0 0 0 0 0 1 0 0 1 0 0 0 1 1
1 1 0 1 1 1 0 0 1 1 1 1 1 0 1 0 1 0 1 1 0 1 1 0 0 1 1 0 0 0 1 0 1 1
0 0 1 0 0 1 1 0 1 1 1 1 0 0 1 1 0 1 1 0 0 1 0 0 1 1 0 0 1 1 0 1 1 1
0 0 0 1 0 0 1 0 0 1 1 0 1 0 0 1 0 0 0 0 1 1 0 1 1 0 0 0 1 1 1 0 0 0
1 1 1 0 0 1 1 0 1 1 1 1 1 1 1 0 1 0 0 1 0 0 0 1 1 1 1 1 0 1 0 0 0 0
0 1 0 0 0 0 0 0 0 0 1 1 0 0 1 0 0 1 0 1 0 0 0 1 1 1 0 0 0 0 1 1 0 1
0 1 0 0 0 1 1 1 1 0 0 1 0 0 0 0 0 1 0 1 0 0 1 1 1 0 0 1 0 1 0 1 0 0
1 1 1 0 1 0 0 1 1 1 0 0 1 0 0 0 1 1 0 0 0 0 0 0 0 0 1 1 1 1 0 0 0 1
1 1 1 1 0 0 0 0 1 1 0 0 0 0 1 1 1 1 1 1 1 0 0 1 0 0 0 1 0 1 0 1 0 0
0 1 0 1 1 0 1 1 1 0 0 0 1 1 0 0 1 1 0 0 1 1 0 1 0 1 0 1 0 0 0 1 1 1
0 0 0 0 0 0 1 0 0 0 1 0 1 0 1 0 1 0 0 0 0 1 0 0 1 0 1 0 0 0 0 0 0 1
0 0 1 0 1 0 0 0 1 1 1 0 0 1 0 1 1 1 0 0 1 0 1 0 1 0 0 0 0 0 0 1 0 0
0 0 0 1 1 0 0 0 0 1 1 0 1 1 1 1 1 0 0 1 1 0 1 0 1 0 0 1 0 1 0 1 0 1
1 1 1 1 1 1 0 0 1 1 0 0 0 0 1 1 1 0 0 1 1 1 0 1 1 0 0 1 0 0 0 1 1 0
0 0 0 1 1 0 1 0 1 1 0 1 0 0 1 0 0 0 1 0 1 1 0 0 1 1 1 1 0 0 1 1 0 1
1 1 1 0 1 0 0 1 1 1 0 1 1 1 1 1 0 1 0 0 0 1 1 1 1 1 0 0 1 1 1 0 1 0
0 1 0 1 0 0 1 0 1 0 0 0 1 0 1 1 0 1 0 0 1 0 1 1 1 0 0 0 1 1 0 1 0 1
1 1 1 0 1 1 1 0 1 0 0 0 1 1 0 1 1 0 0 1 0 1 0 0 0 0 0 1 1 0 1 0 1 1
0 0 1 1 1 0 1 1 1 1 1 1 0 1 0 0 0 1 1 0 1 0 1 0 1 1 1 1 0 1 1 0 0 0
0 0 1 0 1 0 1 1 1 1 1 1 1 0 1 1 1 0 1 1 0 0 1 0 1 1 1 0 0 0 1 0 1 1
0 0 1 0 0 1 1 0 1 1 1 0 1 0 0 0 0 1 0 0 0 1 0 1 0 1 1 0 1 0 0 0 1 1
0 1 1 1 1 1 0 1 1 1 0 1 1 1 0 1 1 0 1 1 1 1 1 1 0 1 1 1 1 0 0 1 1 1
0 0 0 1 0 1 0 0 1 1 0 1 1 0 1 1 0 1 1 0 0 0 0 1 1 0 0 0 1 0 1 1 1 0
0 1 1 1 1 0 1 1 0 1 1 1 1 0 1 0 1 1 1 1 1 0 0 1 1 0 1 1 1 0 0 1 1 1
1 1 0 1 0 1 1 1 0 0 1 1 0 1 1 0 0 0 1 1 0 0 1 1 1 0 0 1 1 0 1 1 0 1
0 0 1 1 0 0 1 1 0 1 0 0 0 0 0 1 1 1 0 1 1 1 1 1 1 0 1 1 0 0 1 1 1 0
0 0 0 1 0 0 0 1 1 1 0 0 0 1 0 1 0 1 1 1 0 1 1 1 0 1 1 1 0 1 0 1 1 0
0 1 0 1 1 1 0 1 1 0 0 0 0 0 0 0 0 0 0 0 1 0 1 0 0 0 0 1 1 1 0 1 1 0
24 64
1 1 1 0 0 0 1 1 1 0 1 0 0 1 1 0 0 1 1 1 1 1 0 1 1 1 1 0 0 1 0 1 1 1 1 0 1 0 1 1 0 0 0 0 0 1 0 1 1 1 1 1 1 0 1 1 0 0 0 1 0 0 1 1
1 0 0 0 1 1 0 0 1 0 0 1 1 0 0 0 0 1 0 1 0 0 1 0 0 1 1 1 0 1 1 1 1 1 0 0 1 0 1 0 1 1 1 1 1 1 1 1 0 0 1 0 1 1 0 0 0 1 0 1 0 0 1 1
0 0 0 0 1 0 0 0 0 0 1 0 0 1 1 0 0 1 0 0 1 1 1 0 1 1 0 0 1 1 0 1 0 1 0 1 0 1 1 0 1 1 0 1 1 0 0 0 1 1 0 0 0 1 0 1 0 0 0 0 1 0 0 0
0 1 0 1 1 1 0 1 0 0 0 0 1 1 1 1 1 1 1 1 0 0 1 1 0 0 0 1 1 0 0 1 1 1 0 0 1 1 1 1 1 0 1 1 0 1 0 1 1 1 0 0 0 1 0 0 1 1 0 1 1 0 1 0
1 1 0 1 1 0 0 0 1 0 1 1 0 0 0 1 0 1 1 1 0 1 1 1 0 0 1 1 0 1 1 1 1 1 1 0 0 1 1 1 1 1 0 0 0 0 1 0 1 0 1 0 1 0 0 0 1 0 0 0 1 1 1 0
1 0 0 1 1 1 0 0 1 1 1 0 0 0 0 0 1 1 0 1 1 0 1 1 0 0 1 0 1 1 1 0 0 0 1 1 1 0 1 1 1 0 0 0 1 1 1 1 1 1 1 0 0 0 1 0 0 0 1 1 1 1 1 1
0 1 1 0 1 0 1 1 0 0 0 1 1 0 0 1 0 0 0 1 0 1 0 0 0 1 0 1 1 0 1 1 0 1 0 0 1 0 0 1 0 0 0 1 0 0 0 0 1 0 1 0 1 1 0 0 0 1 0 1 0 1 0 1
1 1 0 0 0 1 0 0 0 1 0 0 1 1 1 0 0 1 0 1 0 1 1 0 0 1 1 1 0 0 0 0 0 0 1 1 1 1 1 1 1 0 0 0 1 1 0 1 0 1 1 0 0 0 1 0 1 0 1 1 0 0 0 0
0 0 1 1 1 1 1 1 0 0 1 0 0 1 1 1 1 0 0 0 0 0 0 0 1 0 0 0 0 1 1 1 1 0 1 0 1 0 0 1 0 1 0 0 0 0 1 0 1 1 1 0 0 0 0 1 1 0 1 0 1 0 1 0
0 1 1 0 0 0 0 0 0 1 1 0 0 0 0 0 1 1 1 1 1 1 0 0 1 0 0 0 0 0 0 1 1 1 0 0 1 1 0 1 1 0 1 1 0 0 0 0 0 1 0 1 0 1 1 0 1 1 0 1 0 1 0 0
1 1 1 0 0 0 0 0 1 0 0 1 1 1 0 1 0 1 0 0 0 1 1 0 1 0 0 0 0 0 1 1 0 1 0 0 0 1 0 1 1 0 0 1 0 1 1 1 0 0 1 1 0 1 1 1 1 1 0 1 0 0 0 1
1 0 1 1 0 0 0 0 0 1 1 1 0 1 1 0 0 0 1 0 0 0 1 0 0 1 0 0 1 1 0 1 1 1 0 1 1 1 0 0 1 1 1 1 0 0 1 1 1 0 0 1 1 1 1 0 1 1 1 1 0 1 1 1
0 0 1 1 0 1 0 0 1 1 0 0 1 0 1 0 1 1 0 1 1 0 1 0 0 1 0 0 0 1 0 1 1 0 0 0 0 0 0 0 1 0 0 0 0 1 0 1 1 1 1 1 1 0 0 0 0 0 1 1 0 1 1 1
0 1 1 1 0 1 0 0 0 0 0 0 1 0 0 0 0 1 0 1 1 1 0 0 1 1 1 0 1 1 0 0 0 0 1 0 1 1 0 0 1 0 0 0 1 0 0 0 1 1 1 1 0 0 0 1 1 0 0 0 0 1 1 0
1 0 0 0 1 1 1 1 1 0 1 0 1 0 1 0 1 0 1 1 1 0 1 1 1 1 0 0 0 0 0 1 0 1 0 0 1 1 1 1 0 1 0 1 0 1 1 0 0 1 1 1 1 1 1 0 0 1 1 0 0 0 1 0
0 0 1 0 1 1 1 0 1 0 1 1 1 1 1 0 1 0 1 0 1 0 1 1 0 1 1 0 0 0 1 0 0 0 1 0 1 1 0 1 1 1 0 0 1 0 1 0 1 0 1 1 1 0 0 0 0 0 0 1 1 1 0 1
1 1 0 1 0 1 1 1 1 1 0 1 1 1 0 1 1 0 0 0 0 1 1 0 0 1 0 1 0 0 1 1 1 0 0 1 1 1 1 0 0 1 0 0 1 1 0 0 0 0 1 1 1 0 1 1 0 0 1 0 0 1 1 1
1 0 0 1 0 1 0 0 0 1 0 1 0 0 1 1 1 1 0 1 1 0 0 1 1 1 0 1 0 0 0 1 1 1 0 1 0 1 1 1 0 1 1 1 0 1 1 0 1 1 0 0 1 1 1 1 1 1 1 0 1 1 0 1
0 0 1 1 1 1 0 1 0 0 1 0 0 1 0 1 1 1 1 0 0 0 0 1 0 1 1 1 0 0 1 1 0 1 0 0 0 0 0 0 1 1 0 1 0 0 0 1 0 0 1 0 1 0 1 1 0 1 1 1 1 1 1 0
0 1 1 0 1 1 1 0 1 1 0 0 1 1 1 0 0 0 0 0 1 1 0 0 0 0 1 0 1 1 1 1 1 1 0 1 1 1 0 1 1 1 1 1 0 0 0 0 0 0 0 0 1 1 1 0 0 1 1 1 1 1 1 0
1 1 0 1 1 0 0 1 0 1 1 1 1 0 1 0 1 1 1 1 1 1 0 1 1 0 0 0 0 0 1 1 1 0 0 1 0 0 1 0 1 1 0 0 1 0 0 1 0 1 0 1 0 0 1 0 1 0 0 1 1 0 1 0
1 1 0 0 1 0 0 0 1 0 1 1 0 0 1 1 0 0 1 1 1 1 0 1 1 0 0 1 1 1 1 0 0 0 1 0 0 1 1 1 0 1 0 0 1 1 0 0 0 0 1 1 1 0 0 1 0 0 0 0 1 0 1 1
0 1 1 1 0 1 1 0 1 0 0 1 0 0 1 0 1 1 1 1 1 1 1 0 1 0 1 0 0 0 1 1 0 1 0 1 1 1 0 0 0 0 0 1 0 1 0 1 0 1 1 0 0 0 0 0 1 1 1 0 1 0 1 1
1 1 0 1 0 0 1 0 0 0 0 0 0 1 1 1 0 0 1 0 1 1 0 0 0 0 0 0 0 1 1 0 0 0 1 0 1 0 1 0 1 0 0 0 1 1 0 0 1 0 1 0 0 0 1 0 1 0 0 0 0 1 0 0
81 21
0 0 0 0 1 1 1 1 0 1 1 0 1 0 0 0 1 0 0 1 1
0 1 1 0 1 0 0 1 0 1 1 1 0 1 0 1 1 1 1 0 0
0 0 0 0 0 1 1 0 1 1 1 1 0 0 1 1 1 1 1 1 0
0 0 0 0 1 1 1 0 0 1 0 1 1 1 1 1 1 0 0 1 0
1 0 0 1 0 0 0 1 0 0 1 1 0 0 0 0 1 1 1 0 0
0 1 0 1 0 0 0 0 1 1 1 1 1 0 0 1 1 1 0 0 0
0 1 0 1 1 1 1 0 0 1 0 0 0 0 0 1 0 0 1 0 1
0 1 0 0 1 1 0 0 0 1 0 0 1 0 1 1 0 1 0 1 1
0 1 1 1 0 0 0 1 0 1 0 1 0 0 1 0 0 0 0 0 1
1 0 0 0 0 1 1 0 0 1 0 1 0 1 0 0 1 0 1 0 1
1 0 0 0 0 1 1 0 0 0 0 0 0 1 0 1 0 0 1 1 1
0 1 1 0 1 0 1 0 0 1 0 1 1 1 1 1 0 0 1 1 0
1 0 0 0 0 1 1 1 1 0 0 1 0 1 0 1 0 1 1 0 1
1 0 0 0 1 1 0 1 0 1 1 1 1 1 0 1 0 0 0 1 0
0 0 0 0 0 0 1 0 0 1 1 0 0 0 1 1 1 0 1 0 1
1 0 0 1 0 1 0 0 0 0 1 1 1 0 1 1 0 1 1 0 0
1 0 0 1 1 0 1 0 0 0 1 0 0 0 0 0 0 0 0 1 1
0 1 1 0 0 0 1 0 0 1 1 1 0 1 0 1 1 0 1 1 1
1 0 0 0 0 1 0 0 0 0 1 0 0 1 0 0 0 0 1 1 1
0 0 0 1 0 0 1 0 1 0 0 1 0 0 1 0 1 0 1 1 0
1 0 0 1 1 0 1 1 0 1 0 1 0 1 1 1 0 0 0 0 1
1 0 0 0 0 1 0 0 0 1 1 1 0 1 1 0 1 1 0 0 0
0 0 1 1 0 1 0 1 1 0 1 1 0 0 1 0 1 1 0 0 1
1 1 0 1 0 1 0 1 0 1 1 1 0 0 1 0 0 1 0 1 0
0 1 1 1 1 0 0 0 1 0 0 1 0 0 0 1 0 1 0 1 1
1 0 0 0 1 0 0 1 0 1 0 0 0 0 1 0 1 0 0 0 1
0 0 0 0 0 0 0 1 0 1 1 1 0 0 1 0 1 0 0 1 1
1 1 1 0 0 1 1 0 1 1 0 1 0 1 1 1 0 1 1 0 0
1 0 0 1 1 1 1 0 1 0 0 0 0 1 1 0 1 1 0 0 0
1 0 0 0 1 1 1 1 0 1 0 1 1 0 1 0 1 0 0 0 0
1 1 0 1 0 1 0 0 0 1 0 1 0 0 0 1 1 1 0 0 1
1 0 1 1 0 0 1 1 1 1 1 0 0 1 1 0 0 0 1 1 0
1 0 0 0 1 1 0 0 1 1 1 1 0 0 1 0 0 0 1 1 1
0 0 1 1 0 1 0 1 1 0 1 1 0 1 0 0 1 0 0 1 1
1 1 1 1 0 1 1 1 1 0 1 1 0 0 0 0 1 1 1 1 1
0 0 0 1 0 0 0 0 1 0 0 0 1 0 1 0 1 1 0 0 0
0 1 0 1 1 1 1 0 1 0 0 0 1 1 0 0 0 1 1 1 0
1 1 1 0 1 0 0 0 0 0 0 0 0 1 0 1 0 0 1 0 0
0 0 1 1 1 0 0 0 1 1 1 0 0 1 1 0 0 1 0 0 1
0 1 1 0 0 0 0 1 0 0 0 1 0 0 0 1 0 1 1 1 1
0 0 0 1 1 1 0 0 0 1 0 0 1 1 1 1 0 1 1 1 1
1 1 1 0 1 1 1 1 1 1 0 1 1 0 1 0 1 1 1 1 0
0 1 0 1 0 1 1 1 0 0 0 0 0 1 1 0 1 1 0 0 0
1 0 1 0 1 0 0 0 0 1 0 1 1 1 0 0 0 0 1 0 0
1 0 1 0 0 0 1 0 1 1 1 0 0 1 1 1 1 1 1 1 0
0 0 0 0 1 0 0 1 1 0 1 0 0 1 0 0 0 1 0 0 1
0 1 0 0 0 1 1 0 1 0 0 0 0 0 1 1 1 1 0 0 1
0 0 1 0 1 1 1 1 1 1 1 0 1 0 0 1 0 0 0 1 1
0 1 1 1 0 0 0 1 0 1 0 0 1 0 1 0 1 0 1 1 1
0 0 1 0 1 1 0 0 1 1 1 1 1 0 0 0 1 1 0 0 1
1 1 1 0 1 1 0 0 1 0 0 1 0 1 1 0 0 1 1 1 0
1 0 0 0 0 1 1 0 1 0 1 0 0 1 1 0 1 1 0 1 1
0 1 0 0 1 1 1 1 0 0 0 1 0 1 1 1 1 1 0 0 0
0 1 0 0 0 1 1 0 0 1 0 0 0 1 0 0 1 1 0 0 1
0 0 0 1 0 0 1 0 0 1 1 1 0 0 0 0 0 1 1 1 0
1 0 1 0 1 0 1 0 1 1 0 1 0 1 1 0 1 0 1 0 0
1 0 1 1 1 0 0 1 1 0 1 0 1 1 0 1 0 0 1 1 1
1 1 1 0 0 1 0 0 1 1 1 0 0 1 1 1 1 0 1 0 0
1 1 1 1 0 0 1 1 0 0 1 0 1 1 0 0 1 1 1 0 0
0 0 1 1 1 0 0 0 1 1 0 0 0 0 0 0 0 1 1 0 1
1 0 1 0 1 1 1 0 0 1 1 1 0 0 0 1 1 0 1 1 0
1 0 1 1 1 0 1 0 1 0 0 1 1 0 1 1 1 0 1 1 1
1 1 0 1 0 1 1 1 1 1 1 0 0 0 0 1 1 0 0 1 0
1 0 1 1 0 0 1 0 0 0 1 0 0 0 0 1 1 0 0 1 0
1 0 1 1 1 1 0 1 0 0 1 0 0 0 1 0 1 0 0 0 1
0 1 1 0 1 0 1 0 0 0 0 0 0 1 1 1 0 1 0 1 1
0 1 1 1 0 0 1 1 1 1 1 1 1 0 0 1 0 1 0 0 0
1 1 0 1 0 1 0 1 1 0 1 1 0 0 0 0 0 0 1 0 1
1 1 0 0 1 0 0 1 0 1 0 1 0 1 0 0 1 0 1 0 0
1 0 1 1 0 1 0 0 0 1 0 1 1 1 1 0 1 1 1 0 0
1 0 1 0 0 1 1 1 1 1 0 0 1 1 1 1 1 0 1 0 0
0 1 0 1 0 0 1 1 0 1 0 1 0 1 0 0 1 1 0 0 0
1 1 1 0 0 0 0 0 0 0 1 1 1 0 0 1 1 0 0 0 1
0 1 1 0 0 1 0 1 0 1 0 0 0 0 1 0 0 0 1 1 0
0 1 0 0 0 1 1 0 1 1 0 1 0 0 0 1 1 0 0 0 0
0 0 0 0 1 0 0 1 1 0 1 1 1 1 1 1 0 1 0 1 1
1 1 0 1 0 0 1 0 1 1 0 0 1 1 0 0 0 1 1 0 0
0 1 0 0 0 0 1 1 1 0 0 1 1 0 1 1 1 0 0 0 1
0 1 1 0 1 0 0 0 1 1 0 0 1 0 1 0 1 0 1 1 1
0 0 0 0 1 0 1 0 0 1 1 0 1 0 1 1 0 1 0 0 0
0 0 0 0 0 0 0 1 0 0 1 1 0 1 1 1 0 1 1 0 0
13 92
0 0 0 1 0 1 1 1 0 1 0 1 1 1 0 0 1 1 1 0 0 0 1 0 0 0 1 0 0 1 0 0 1 0 0 0 1 0 1 1 0 1 0 0 0 1 1 1 0 1 0 1 1 1 1 1 0 0 0 1 0 0 0 1 0 1 1 1 0 0 0 1 0 0 0 0 0 0 1 0 0 1 1 0 1 1 1 1 1 1 1 0
0 1 0 0 1 1 0 0 0 1 0 0 1 0 0 0 0 0 0 0 1 1 0 0 0 1 1 1 0 1 1 0 0 0 0 0 1 1 1 0 1 1 0 0 1 0 1 0 1 1 1 0 0 1 1 0 0 1 0 1 0 0 0 0 1 1 1 1 1 1 1 1 1 0 0 1 0 1 1 0 0 1 0 1 0 1 1 1 1 1 0 0
1 1 0 1 0 0 1 1 0 1 0 0 0 0 0 1 1 1 0 0 1 0 1 0 0 1 0 1 1 0 0 0 1 0 0 0 1 1 1 1 0 1 0 0 1 1 1 0 0 1 1 1 0 0 1 1 1 1 0 1 0 1 0 1 1 0 0 1 1 0 1 0 1 1 0 0 0 1 1 1 1 1 0 0 0 1 0 1 1 1 0 1
0 0 0 0 0 1 1 0 1 1 1 0 0 1 0 1 0 1 0 0 0 1 0 0 0 1 1 1 0 1 1 1 1 0 1 0 1 0 1 0 1 1 0 1 0 0 1 1 0 1 1 0 0 1 1 0 1 1 0 0 1 0 1 0 0 1 1 1 1 1 0 1 0 0 0 0 0 0 1 1 0 0 1 1 0 1 1 0 1 1 1 1
1 0 0 1 0 1 1 1 0 1 1 0 0 0 0 1 0 0 0 1 1 1 0 1 0 1 1 0 0 1 1 1 0 0 0 0 0 0 1 1 0 0 0 0 0 1 0 1 0 1 1 0 0 0 0 1 0 1 1 1 0 1 0 1 1 1 1 1 0 0 1 1 0 1 1 0 1 1 0 1 0 1 0 0 1 1 1 0 0 0 0 1
1 1 1 1 1 0 1 1 0 1 0 0 1 0 1 1 1 0 1 0 0 0 1 0 1 1 0 0 1 0 0 1 1 0 0 0 0 0 0 0 1 1 0 1 1 0 0 1 1 0 1 1 0 1 0 1 1 1 1 1 1 1 1 0 1 1 1 0 1 1 1 1 0 0 1 1 1 1 0 1 1 0 0 1 1 1 0 1 1 1 0 0
0 1 0 1 0 0 1 1 1 0 1 0 1 1 1 1 0 1 0 1 0 0 1 1 0 0 0 1 0 0 0 1 1 0 1 1 1 0 0 0 0 0 1 1 1 0 1 0 0 0 0 1 1 1 1 1 0 1 0 1 1 0 1 1 1 0 1 1 0 1 0 0 1 1 1 0 1 0 0 1 0 0 1 0 0 0 1 0 1 0 0 0
0 1 0 1 0 1 0 0 1 1 0 1 0 0 0 1 0 0 0 0 1 0 1 1 0 1 0 1 0 1 0 0 1 1 1 0 0 0 0 0 1 0 0 1 0 1 0 1 0 0 1 0 1 1 0 1 0 0 1 1 1 0 1 0 1 0 0 1 0 0 0 0 1 0 0 1 0 0 1 1 1 0 1 1 1 1 1 1 0 0 1 1
1 1 0 1 1 0 0 1 0 1 0 1 0 1 1 1 0 1 0 0 0 1 1 0 0 1 0 1 1 0 1 0 1 0 1 0 0 1 1 1 0 0 0 0 1 1 1 0 1 1 1 0 0 1 0 1 0 1 0 1 0 0 0 1 1 1 0 0 0 0 0 1 0 1 0 0 0 1 1 0 1 0 0 0 0 1 0 0 1 1 1 0
1 1 0 1 0 1 1 1 1 1 1 0 1 0 1 0 1 1 1 1 1 1 1 1 0 1 1 1 0 1 1 0 1 1 1 1 0 0 1 0 1 1 0 1 0 1 0 1 1 1 1 0 0 0 1 0 1 0 1 1 0 1 1 0 0 0 1 1 0 1 0 0 0 1 0 1 1 0 1 1 1 1 0 0 1 0 1 0 1 0 1 0
0 1 1 1 1 0 1 0 1 1 0 0 0 1 1 1 0 0 0 1 1 1 0 1 0 1 1 1 1 1 1 1 0 0 1 0 1 1 1 1 1 0 0 0 1 1 1 0 1 1 1 1 0 1 1 1 1 1 1 0 0 1 1 1 0 0 0 0 0 1 1 1 1 0 1 0 1 0 1 1 1 0 1 0 1 1 0 1 1 1 1 1
0 1 0 0 0 0 0 1 1 0 0 1 0 0 1 0 0 1 1 0 0 0 1 0 0 0 0 1 1 0 0 1 0 1 1 0 1 1 1 0 0 0 1 0 0 1 0 0 0 0 1 0 0 1 1 1 1 1 1 0 0 0 0 0 0 0 0 1 1 1 0 1 0 0 0 1 0 1 1 1 1 0 0 1 0 1 1 1 1 0 1 1
0 0 1 1 1 0 1 1 0 0 1 0 0 0 1 0 1 1 0 1 1 1 0 0 1 0 1 1 0 0 0 1 0 0 0 1 0 0 0 1 0 1 1 0 1 0 1 0 1 1 1 1 1 1 0 1 1 0 0 1 0 1 0 1 1 0 0 0 1 0 1 0 0 1 0 0 1 0 0 0 0 1 0 1 0 0 0 1 0 0 0 1
36 77
1 0 0 1 1 1 1 0 1 1 1 0 1 1 1 1 0 0 1 1 1 0 1 1 0 1 0 1 0 1 0 1 1 0 1 1 0 0 1 1 1 0 0 0 1 0 1 0 0 1 0 0 1 0 1 1 0 0 1 1 1 1 0 0 1 0 0 1 1 1 1 1 0 0 0 0 1
0 0 1 1 1 1 1 0 1 0 1 0 1 1 0 0 0 0 1 1 0 0 1 0 1 0 1 0 1 0 1 1 0 0 1 0 0 1 0 1 0 1 0 0 0 1 0 1 0 1 1 0 0 0 0 0 1 1 0 1 1 1 1 0 1 0 1 1 0 0 0 1 0 0 0 1 0
1 0 1 1 1 1 1 1 1 0 1 0 1 1 1 1 0 0 0 0 1 1 1 0 0 1 0 0 1 0 0 1 1 1 0 1 1 1 0 1 0 0 1 0 0 0 0 0 1 1 0 0 0 1 1 1 0 1 0 0 1 0 0 1 1 1 1 0 1 0 1 1 1 1 0 0 1
1 0 1 1 1 0 0 0 0 1 1 1 0 1 0 1 0 0 1 0 1 0 0 0 1 1 1 1 1 0 1 0 1 1 0 1 0 1 1 1 1 0 0 0 1 1 1 1 1 0 1 0 0 0 1 0 0 1 1 0 1 1 1 0 1 0 1 0 1 1 0 0 1 0 0 0 0
1 1 1 1 1 1 0 0 1 1 1 0 1 0 0 0 1 0 1 1 1 0 1 1 0 1 1 0 1 1 1 1 0 0 0 0 1 0 0 0 1 1 1 1 0 0 0 0 1 1 0 0 1 1 1 0 0 0 0 0 0 0 1 0 0 1 1 0 0 1 1 1 1 0 1 0 0
1 1 1 1 0 0 1 1 1 1 1 1 1 0 1 1 0 1 0 0 1 0 0 0 0 0 1 0 0 1 0 1 0 1 0 1 1 1 0 1 0 1 1 0 1 0 1 0 1 1 0 0 0 0 1 1 1 0 1 0 1 1 1 1 1 0 0 1 1 0 0 1 0 0 0 0 1
1 0 1 1 0 1 0 1 1 0 1 0 0 0 0 0 1 0 0 0 1 0 1 1 1 0 1 1 1 1 1 1 0 0 0 1 1 1 0 1 1 1 0 1 1 0 0 1 0 0 0 0 0 1 1 0 1 0 1 0 1 1 0 1 1 1 0 1 1 0 0 1 0 0 0 0 0
0 1 0 0 1 1 1 0 1 1 0 0 1 0 0 1 0 1 1 0 1 1 1 1 1 1 1 1 0 1 1 1 0 1 0 1 1 0 0 1 0 1 1 1 0 0 1 0 0 0 0 0 1 0 0 1 1 1 0 0 0 0 1 1 1 1 1 1 0 1 1 1 1 0 1 1 1
0 1 1 0 1 1 1 0 1 0 0 1 1 0 0 0 1 1 1 0 0 1 1 0 0 0 1 1 0 0 1 1 0 0 1 1 0 1 0 1 1 0 0 1 0 1 1 1 0 0 0 1 0 1 1 1 1 0 0 0 1 1 0 0 1 0 1 0 1 1 0 0 0 0 1 1 0
0 0 0 1 0 1 1 0 1 0 1 0 1 0 1 1 0 1 1 1 0 1 1 1 0 0 1 0 0 0 1 1 1 0 1 0 1 1 0 0 0 0 0 1 0 1 1 0 1 1 1 1 1 0 1 0 1 1 1 1 1 0 1 1 0 0 1 1 0 1 1 1 0 0 0 0 1
0 0 0 0 0 0 1 1 1 1 1 1 1 1 0 1 1 1 0 0 1 1 0 0 0 1 1 1 1 1 0 0 1 1 1 0 1 1 0 0 1 1 1 1 1 0 1 0 1 0 0 1 0 1 0 0 1 0 0 0 0 1 0 0 1 1 0 1 1 0 0 1 1 0 0 1 1
0 1 1 1 1 1 1 0 0 1 0 0 1 0 1 0 0 0 1 1 0 0 1 1 0 0 0 0 0 0 1 1 1 1 0 0 1 0 1 1 0 1 0 0 1 1 0 0 1 1 1 0 1 1 1 0 0 0 1 1 0 0 1 0 1 1 1 0 0 1 1 0 0 0 0 0 0
1 0 1 1 1 0 1 0 0 0 1 0 0 1 0 0 1 0 1 0 1 1 0 1 0 0 1 1 0 0 1 1 0 1 1 1 0 1 0 0 1 0 1 1 0 0 0 1 1 1 1 0 1 1 0 0 1 0 0 1 1 1 0 1 1 1 1 1 0 1 0 0 0 1 0 0 0
1 1 0 1 0 1 1 1 1 0 0 0 1 1 1 1 0 1 0 0 1 0 1 0 0 1 0 1 0 1 1 1 0 1 1 1 1 1 1 0 1 0 0 1 0 0 1 0 0 1 1 1 0 1 0 0 0 0 1 1 1 1 1 0 1 1 1 1 0 1 0 1 1 0 0 0 1
0 0 0 0 0 0 0 0 1 1 1 0 1 1 0 0 1 1 1 1 0 1 1 0 0 1 0 1 1 1 0 0 0 1 0 0 1 0 1 1 1 0 1 0 1 1 1 1 1 1 1 0 0 0 1 0 0 1 0 1 1 1 1 0 1 1 0 0 0 0 0 1 0 0 1 0 1
0 0 1 1 1 0 1 1 0 1 1 0 1 1 1 1 1 0 0 1 0 0 0 0 0 1 0 0 0 1 1 0 1 0 1 1 0 0 0 0 1 1 0 1 1 1 1 0 0 0 0 1 0 0 1 0 1 0 0 0 0 1 1 1 0 1 1 1 1 1 1 1 0 1 0 0 1
0 1 0 0 1 0 0 1 0 0 1 1 1 1 0 1 0 0 0 1 1 1 0 1 1 1 1 0 0 0 0 0 0 1 1 0 1 0 1 1 0 1 0 1 1 1 1 0 1 1 0 1 1 1 0 1 0 0 1 1 0 1 1 1 1 0 1 1 1 0 1 0 0 0 1 0 0
0 1 1 0 1 0 1 0 0 0 1 1 0 0 0 0 0 0 1 0 1 0 1 0 1 1 1 1 0 1 0 0 0 1 1 0 0 1 0 0 1 1 1 0 1 1 0 1 1 1 0 1 0 1 1 0 0 0 1 1 1 0 0 1 0 0 1 1 0 0 0 0 0 0 0 0 0
1 1 0 0 1 0 1 1 0 0 0 1 0 1 0 1 0 1 1 1 0 1 1 1 0 0 0 1 0 1 0 0 1 0 0 1 0 1 1 1 0 0 0 0 0 1 0 0 0 1 1 1 0 1 0 1 0 1 0 0 0 0 0 1 1 0 1 1 1 1 1 0 1 1 0 1 1
1 1 1 1 1 0 0 0 0 0 1 1 1 0 1 1 0 0 1 0 1 0 1 1 0 1 0 1 0 0 1 0 0 1 1 1 0 0 1 1 1 1 0 0 0 0 1 1 0 0 0 0 0 0 1 0 0 0 1 1 0 0 1 0 1 0 0 0 0 0 0 1 1 1 0 1 1
0 1 1 0 0 1 1 0 1 1 1 1 1 0 0 0 0 1 0 1 0 0 1 0 0 1 1 0 0 1 1 1 0 1 1 1 1 1 0 1 0 1 0 1 0 0 0 0 0 1 1 0 1 1 1 0 0 0 0 0 0 1 1 1 0 1 0 1 1 0 0 1 1 0 0 1 0
1 1 1 1 1 1 1 0 0 0 0 0 0 0 1 0 1 0 1 1 0 0 1 0 0 1 1 0 1 1 0 1 1 0 0 1 0 1 1 1 1 1 0 0 0 0 0 0 0 1 1 1 0 1 0 1 1 1 0 0 1 0 1 1 0 1 1 1 0 1 0 0 0 1 1 0 0
0 1 0 0 1 1 1 1 1 0 0 0 1 1 1 1 0 0 0 1 1 1 0 1 0 1 1 0 1 1 0 0 1 0 0 1 1 1 0 0 1 0 1 1 1 0 0 0 0 1 0 1 1 0 0 0 0 0 0 0 0 0 1 0 1 0 0 1 1 1 0 1 1 1 0 0 0
1 1 1 1 1 1 0 0 1 1 0 0 1 1 0 0 1 1 1 1 1 0 1 0 1 1 1 1 1 0 0 0 0 1 1 1 1 1 0 1 1 0 1 1 1 0 0 1 1 1 0 0 0 0 1 0 1 0 0 1 0 1 0 1 1 0 1 1 0 0 1 1 0 0 1 1 0
0 1 0 0 0 1 1 0 1 1 0 1 0 0 0 0 1 0 1 0 0 1 1 0 1 0 1 0 1 1 1 0 1 1 1 1 0 0 1 1 1 0 0 0 1 0 1 0 1 0 0 1 1 1 0 1 0 1 1 0 0 1 1 1 1 0 1 1 1 1 1 0 0 1 0 1 0
0 1 0 1 0 1 0 1 1 0 1 1 0 0 1 1 1 0 0 0 0 1 0 0 1 0 0 0 0 0 1 1 0 1 0 1 1 1 1 1 0 0 0 0 0 0 0 0 1 0 0 0 0 0 1 0 0 0 0 1 1 1 0 0 1 1 1 1 0 1 0 0 1 1 0 1 1
1 0 1 0 0 1 1 1 1 1 1 0 0 0 1 1 1 0 1 1 1 0 1 0 1 1 0 0 1 1 0 0 0 1 0 0 1 0 1 1 1 0 0 0 1 0 0 0 0 0 0 0 0 1 0 0 0 0 0 1 1 1 1 1 0 1 1 1 0 0 0 0 1 0 1 1 0
1 0 0 0 1 1 1 0 0 1 0 1 0 0 0 1 0 1 0 1 1 0 1 0 1 0 0 1 0 0 1 0 0 0 1 0 0 1 0 0 0 0 0 1 0 0 0 0 1 0 0 1 0 0 0 1 0 0 0 0 1 1 0 0 1 0 0 0 1 0 0 1 0 0 1 1 1
0 1 0 1 0 1 1 1 1 1 0 1 0 0 1 0 0 0 1 1 1 0 0 1 1 1 0 1 1 0 1 1 0 1 0 1 1 0 1 0 0 1 1 1 0 0 1 0 1 1 0 1 0 1 0 1 1 1 0 0 1 1 0 0 0 1 1 1 1 1 0 1 0 1 0 1 0
0 1 1 0 1 1 1 1 1 1 1 0 1 1 1 0 0 0 1 1 0 0 1 0 0 1 0 1 1 0 1 0 0 0 1 0 0 1 0 0 0 1 0 0 1 0 0 0 0 1 1 1 0 0 0 0 0 1 1 1 1 0 0 0 1 1 1 1 0 0 1 0 1 1 0 1 0
1 0 1 1 0 0 1 1 1 1 1 1 1 0 1 0 1 1 0 0 1 0 1 1 0 0 1 0 1 1 1 0 1 0 0 1 0 1 0 0 0 1 1 1 0 0 0 0 0 0 1 0 0 0 0 1 0 0 0 1 0 0 1 1 0 1 1 1 0 1 0 1 1 1 1 1 1
0 0 1 1 1 1 1 1 0 0 1 1 0 1 1 1 1 1 0 1 1 1 1 1 0 1 0 1 1 1 0 0 1 0 0 0 1 0 1 0 1 1 0 1 0 1 1 1 0 1 1 1 0 1 1 1 1 0 1 0 1 0 1 0 1 0 1 0 0 0 0 1 1 1 0 1 0
0 1 1 1 0 0 0 0 1 0 0 1 0 1 1 0 1 0 0 1 0 1 1 0 1 1 1 1 1 1 1 1 0 1 0 1 0 0 0 1 1 0 1 0 1 1 1 1 1 1 1 1 0 0 0 1 1 1 1 0 0 0 0 0 1 0 1 1 1 0 0 1 1 0 0 1 0
1 0 0 1 0 0 0 0 0 0 0 0 0 1 0 0 1 0 0 1 0 0 1 1 1 0 0 1 0 0 0 1 1 1 1 1 1 0 1 0 0 1 1 0 0 0 1 0 0 0 0 1 1 0 0 1 1 1 0 0 0 0 0 0 1 0 1 0 1 0 0 0 0 1 1 1 1
0 0 0 1 1 0 1 1 0 1 1 0 0 1 0 1 1 0 1 0 0 0 1 0 1 0 0 1 1 1 0 0 0 0 0 1 1 0 0 1 1 0 1 0 0 0 1 1 0 0 0 0 1 0 0 0 0 1 1 1 1 0 1 0 0 0 0 1 0 1 1 0 0 0 0 1 0
0 1 0 1 1 1 1 0 1 0 1 1 0 1 0 0 0 0 1 1 1 0 1 1 0 0 0 0 1 0 0 1 0 0 1 1 0 0 0 0 0 1 0 1 0 0 1 1 1 1 1 0 1 1 1 0 1 1 1 0 0 1 0 0 0 0 1 0 1 1 0 0 0 1 1 1 1
74 61
0 1 0 1 1 1 1 1 1 0 0 0 0 0 0 1 1 0 0 1 0 1 0 0 1 0 1 1 1 1 1 0 1 1 0 1 1 1 0 1 1 0 1 0 1 0 0 0 1 1 1 1 1 1 0 0 1 0 0 1 1
0 1 0 0 1 0 1 1 1 0 1 1 0 1 1 1 0 1 1 1 1 1 0 0 1 0 1 0 1 0 0 0 0 0 0 0 0 0 1 1 1 1 1 1 0 0 1 0 1 0 0 0 1 0 1 1 0 0 1 0 1
0 1 1 0 0 0 1 1 0 0 0 0 0 0 1 1 1 0 0 0 1 1 1 0 0 0 1 1 0 1 0 1 1 0 0 0 1 0 1 1 1 1 1 1 0 0 0 0 1 1 1 1 1 0 0 1 1 0 1 0 1
0 1 1 1 1 1 1 0 0 1 0 0 0 1 1 0 1 1 1 1 0 0 1 1 1 1 1 0 1 1 0 1 0 0 0 0 0 1 0 0 0 1 1 1 1 0 1 0 1 0 0 1 1 1 0 1 1 0 1 0 1
1 0 0 1 1 0 0 1 1 1 0 0 0 0 1 0 1 1 0 0 1 0 1 0 0 0 0 0 1 0 1 0 0 1 1 1 0 0 1 0 1 0 0 1 0 1 1 1 0 0 0 0 0 1 0 0 0 0 0 1 1
1 1 1 0 0 0 0 0 1 1 1 1 0 0 1 1 1 1 1 1 1 0 1 0 0 1 1 0 1 0 1 1 1 0 0 1 0 0 1 1 1 1 1 0 1 0 0 0 1 1 0 1 1 0 0 0 1 1 1 0 0
1 0 1 0 1 0 0 0 0 1 1 1 0 0 0 0 0 0 1 0 0 1 0 1 1 0 1 0 0 1 0 0 1 0 1 1 0 0 0 0 0 0 1 1 1 0 1 0 0 1 0 1 0 0 0 0 0 1 0 1 0
1 0 1 1 0 0 1 1 0 1 1 1 1 1 0 0 1 1 0 0 1 0 0 1 0 0 1 0 0 0 0 1 1 0 1 0 1 0 1 1 0 1 0 0 0 0 0 1 1 1 1 0 0 0 1 1 1 0 1 1 1
0 0 1 1 0 1 0 1 1 0 1 0 0 0 0 1 0 0 1 0 0 0 0 1 1 0 1 1 0 1 1 0 1 0 0 1 0 1 0 1 0 1 1 0 0 0 1 0 1 1 1 0 0 0 1 0 0 0 1 1 1
1 1 1 0 1 1 0 0 0 0 1 1 1 0 1 0 1 1 1 0 0 0 1 1 0 0 1 0 1 0 1 1 0 0 1 1 1 1 1 0 1 1 1 0 0 0 0 1 0 1 0 1 0 0 1 1 0 0 0 0 1
1 0 1 1 1 0 0 1 1 0 0 1 0 1 0 1 0 1 1 1 0 0 1 1 1 1 1 1 1 1 1 0 1 1 1 1 0 1 0 0 1 0 1 1 1 1 0 1 1 1 0 1 1 1 0 0 1 1 1 1 1
0 0 1 0 0 1 1 1 1 1 1 0 1 0 1 1 1 0 1 1 0 0 0 0 1 0 1 1 1 1 0 1 1 1 0 0 0 0 0 0 0 1 1 0 1 1 0 0 1 0 0 1 0 0 1 1 0 0 0 1 1
0 0 0 0 0 0 1 0 0 1 1 1 1 0 0 0 0 0 1 1 0 1 0 1 1 0 0 1 0 0 1 1 1 1 1 0 1 1 1 1 0 1 0 1 1 1 1 0 0 0 1 0 0 1 0 1 0 0 1 1 0
0 1 1 0 0 0 1 1 0 0 0 0 0 1 1 1 0 1 1 1 0 1 0 1 1 0 0 0 0 0 1 0 0 0 1 1 0 1 0 1 0 1 1 0 1 0 0 0 0 1 0 1 1 1 1 0 0 1 1 0 0
0 0 1 0 0 0 1 0 0 0 0 0 1 1 1 0 1 0 1 1 1 1 1 0 1 1 1 0 1 0 1 1 0 0 0 1 1 0 0 0 1 1 1 1 1 0 1 1 0 0 0 0 0 1 1 1 1 0 0 0 1
0 0 1 1 0 1 0 1 1 0 1 0 1 1 0 1 0 0 1 1 0 1 0 1 1 1 1 1 0 0 1 1 0 0 1 1 0 0 1 1 1 1 0 1 1 1 0 0 1 1 1 0 0 0 1 0 1 0 0 1 1
1 0 0 0 1 1 1 0 0 1 0 0 0 0 0 0 0 1 0 1 0 1 0 0 0 0 0 1 0 1 0 0 1 0 1 0 1 0 1 0 1 1 0 0 0 0 1 0 1 0 0 0 1 0 0 0 1 1 0 1 0
0 1 1 1 0 0 1 1 1 0 0 1 0 0 1 1 0 1 0 0 0 1 0 1 0 0 0 1 1 0 1 0 0 1 1 1 1 0 0 1 1 1 0 1 1 1 1 1 1 1 0 1 0 1 1 0 0 0 0 1 0
1 0 0 0 0 0 1 1 1 1 1 1 0 0 1 0 1 0 0 1 0 0 1 1 1 1 1 0 0 0 1 1 0 0 1 1 1 1 0 1 0 1 0 1 0 1 1 1 1 1 1 1 0 0 0 0 1 1 0 1 1
1 0 1 1 1 1 0 0 0 1 0 0 0 0 0 1 1 0 1 1 0 1 1 1 0 0 0 0 1 1 0 1 1 0 1 0 1 0 1 1 0 0 1 1 0 0 0 0 1 1 0 0 1 1 0 0 0 0 1 1 1
1 1 0 1 1 0 0 0 1 1 0 1 1 1 0 1 0 0 0 0 1 1 1 0 0 1 0 0 0 0 0 1 0 1 1 0 0 1 0 0 1 0 0 0 0 1 0 1 0 0 1 0 1 1 0 1 1 1 0 1 1
1 0 1 0 0 1 0 1 1 1 1 1 1 1 1 1 0 0 0 1 1 0 1 0 1 0 0 1 1 0 1 1 1 0 0 0 1 0 1 1 0 0 1 0 0 1 1 1 1 0 0 1 0 0 0 1 0 0 1 1 1
0 1 0 0 0 1 1 0 1 0 0 1 1 0 1 0 1 0 1 1 0 0 0 1 1 0 1 1 0 1 0 0 0 0 1 0 1 0 1 0 0 0 0 1 0 1 1 0 0 0 1 0 1 0 1 1 0 1 1 1 0
0 0 0 0 0 0 1 1 0 0 0 0 1 0 1 0 0 1 1 0 1 1 1 0 1 0 0 0 0 1 0 1 0 1 1 0 1 1 0 1 1 0 1 0 0 0 0 0 0 0 0 0 1 0 1 1 0 1 1 1 1
1 1 1 1 0 0 0 0 1 1 0 1 1 0 0 1 0 1 0 0 0 1 1 1 0 1 1 1 1 0 1 0 1 1 0 1 1 0 0 0 1 0 0 0 0 0 1 0 1 1 1 0 1 1 1 0 1 0 1 0 1
0 1 1 0 1 0 0 0 0 0 1 0 1 0 0 0 0 0 1 1 0 0 0 1 1 0 0 0 1 1 1 1 0 0 0 1 0 0 0 0 1 1 0 0 1 1 1 1 0 0 0 0 1 1 1 1 0 1 0 1 1
0 0 1 1 1 1 0 1 0 1 1 1 0 1 1 0 1 1 1 1 1 1 1 1 1 0 0 1 0 0 0 0 1 0 1 0 0 0 1 1 1 1 1 0 0 0 1 0 0 1 1 0 1 1 1 1 1 1 0 1 1
0 0 1 0 1 1 1 0 0 0 1 0 1 1 0 1 1 0 1 0 1 1 0 1 0 0 1 1 1 1 1 0 0 0 1 1 1 1 1 0 1 0 0 0 1 0 0 1 0 1 0 1 1 1 0 0 1 0 1 1 0
1 0 0 0 0 1 1 0 1 0 0 0 1 0 1 1 0 0 1 1 0 1 1 1 0 1 0 1 1 1 0 0 0 1 1 0 0 0 1 0 0 0 1 0 1 0 1 1 1 0 0 1 1 1 0 1 0 0 0 0 1
1 1 1 1 0 0 1 0 1 0 1 1 0 1 1 1 1 1 1 1 0 0 0 0 0 0 1 1 1 1 0 0 0 1 1 1 0 0 1 0 1 1 1 1 1 1 1 0 0 0 0 0 1 0 1 0 1 1 1 0 1
1 1 0 0 1 0 0 0 0 1 1 1 0 0 0 0 0 1 0 0 1 1 1 1 1 1 1 1 1 0 0 0 1 1 1 0 1 1 0 1 0 0 0 0 1 0 1 0 0 0 1 0 0 0 1 1 0 0 1 1 0
1 0 0 0 1 1 1 1 0 0 0 0 0 1 0 1 0 0 1 1 0 1 1 0 0 0 1 1 0 0 0 0 0 1 0 0 1 0 0 0 0 0 0 0 1 0 0 1 0 1 1 0 0 0 1 0 1 0 0 0 1
0 1 0 0 0 1 1 1 1 0 1 0 0 0 0 0 0 1 1 0 1 1 0 0 0 1 0 1 0 1 0 1 0 1 1 1 0 1 0 1 1 0 0 0 1 0 0 0 1 0 0 0 0 1 0 0 1 0 0 0 0
1 0 1 1 0 0 1 0 0 0 1 0 1 0 0 0 1 1 1 1 0 1 0 0 0 1 0 1 1 1 0 0 1 1 0 0 1 1 0 1 1 0 1 0 1 0 1 1 0 0 0 1 0 0 0 1 1 1 0 0 1
0 1 1 0 1 0 1 1 0 0 1 0 1 1 0 1 0 0 1 0 0 1 1 1 0 0 0 1 0 0 0 1 0 1 1 1 1 0 0 1 0 0 0 0 1 1 0 1 0 1 1 0 1 0 1 1 0 1 0 1 1
0 0 0 1 1 1 0 0 0 0 0 0 0 0 1 0 1 0 0 1 1 0 1 1 1 0 1 0 1 1 1 1 1 1 0 1 1 1 0 0 0 1 1 0 1 0 1 1 1 0 0 1 0 0 0 1 0 1 1 0 1
1 0 1 1 1 0 0 0 1 0 1 0 1 1 1 0 1 1 1 0 1 1 0 0 0 0 0 1 0 1 1 1 0 0 1 1 0 0 0 1 0 1 0 0 1 0 0 1 1 0 0 0 0 1 0 1 0 0 1 0 1
0 0 0 1 1 1 0 1 1 1 0 0 0 0 1 1 1 1 0 0 0 1 1 1 1 0 1 0 0 1 1 0 1 0 1 1 0 1 0 0 1 1 1 1 0 1 1 0 0 1 1 0 1 1 1 0 1 1 0 1 1
0 1 1 0 0 0 0 0 1 1 1 1 0 1 0 0 0 1 0 0 1 0 0 0 0 0 1 1 1 0 1 0 0 0 1 1 0 0 0 0 1 1 1 0 0 1 1 1 0 0 1 1 1 0 0 1 1 1 1 1 0
1 0 0 0 0 1 1 0 1 1 1 0 0 0 0 1 1 0 0 0 0 0 0 0 1 0 1 1 1 0 0 0 0 0 0 1 1 1 0 1 1 1 1 1 1 0 0 1 0 0 1 0 1 1 0 1 1 1 1 0 0
0 1 0 1 0 1 1 1 1 1 0 1 1 0 1 0 0 0 0 0 1 1 0 1 0 1 0 1 0 0 1 1 1 1 0 1 1 0 1 0 0 1 1 1 0 0 0 1 0 1 1 1 0 1 1 0 0 0 1 1 1
1 0 0 1 1 0 1 1 1 0 0 0 1 1 1 0 0 1 0 1 1 1 1 1 0 0 1 0 1 1 0 0 0 0 1 1 1 1 1 0 1 0 0 1 0 1 1 1 0 0 1 1 1 0 0 0 1 0 0 1 1
1 1 0 0 0 0 0 1 1 1 1 0 1 0 0 1 1 1 0 0 0 0 0 0 1 0 0 0 1 0 1 0 0 0 1 1 0 1 1 0 1 0 0 0 0 1 1 1 0 0 1 0 0 1 1 1 1 1 1 0 0
1 0 1 0 0 1 0 1 0 0 0 0 0 1 0 0 1 0 0 1 0 0 0 0 0 0 1 0 0 0 1 1 0 0 1 0 1 0 1 1 0 1 0 0 0 1 1 0 1 0 1 0 0 0 1 1 1 0 0 1 1
1 0 1 1 1 0 1 0 1 1 1 1 1 1 0 0 0 1 1 1 0 0 1 0 1 1 1 1 1 1 0 1 0 1 1 0 0 1 1 1 1 1 0 0 0 0 1 1 0 0 1 0 0 1 1 1 0 1 1 0 1
0 0 1 0 1 1 0 1 0 1 0 0 0 1 0 0 0 0 1 0 1 0 0 0 1 1 1 1 0 0 0 1 1 0 1 1 1 0 1 0 0 1 1 0 1 0 1 0 1 1 0 0 0 1 0 0 1 0 0 0 0
0 1 1 1 0 1 1 0 0 0 1 1 0 0 1 0 1 1 0 0 0 0 0 0 1 0 0 1 1 0 0 1 0 1 1 1 1 0 1 1 0 0 1 0 0 1 0 0 0 0 0 1 0 0 1 0 0 1 1 1 0
0 1 1 1 0 1 0 0 1 1 0 1 1 0 0 0 0 1 0 1 0 1 1 0 0 0 1 1 1 0 0 1 0 1 0 1 0 0 1 1 0 1 0 1 0 0 0 1 0 0 1 0 0 0 0 1 1 1 0 1 0
1 0 1 1 1 1 1 0 1 0 0 0 0 1 1 0 1 1 1 1 0 0 0 0 1 1 1 0 0 0 0 0 0 0 1 0 1 0 0 0 0 1 0 1 0 1 0 0 1 0 1 1 0 0 0 1 0 1 0 1 0
0 1 1 0 1 1 1 1 0 0 0 1 0 0 1 0 1 0 1 1 0 0 0 0 0 1 1 1 0 0 1 1 0 1 0 1 0 0 0 0 1 1 0 1 0 1 0 0 0 0 1 0 1 1 0 0 1 1 1 1 0
1 1 1 1 0 0 1 0 1 1 1 1 0 0 0 1 0 0 0 1 1 1 1 0 0 1 0 0 0 1 0 0 1 0 0 1 1 1 1 0 0 0 0 1 0 0 0 1 1 1 1 1 1 1 0 0 1 1 0 1 1
0 0 0 0 1 1 1 1 0 1 1 0 0 1 0 0 0 0 0 0 1 1 0 1 1 1 0 1 0 0 1 1 0 0 1 0 0 0 1 0 1 1 1 0 0 1 0 1 0 0 0 0 1 1 0 1 1 1 1 1 1
0 1 1 0 0 0 1 0 1 1 0 0 0 1 0 0 0 1 1 0 0 0 0 1 1 1 0 1 0 0 1 0 0 0 1 0 1 0 0 1 0 1 0 1 1 1 1 1 0 0 0 1 1 0 0 0 1 0 1 1 0
0 0 0 0 1 1 1 1 0 0 1 1 0 1 0 0 1 1 1 1 1 1 1 0 1 1 1 0 1 0 1 0 0 1 0 0 1 1 1 0 1 0 0 1 0 0 1 1 0 1 0 0 1 1 0 0 0 0 0 0 0
0 1 0 0 0 0 0 1 1 0 1 0 0 0 1 0 1 1 0 1 0 0 1 1 0 0 1 0 1 1 1 1 1 1 1 1 0 0 0 1 1 0 0 0 0 1 0 1 1 0 1 0 0 1 0 0 1 1 1 0 1
1 0 1 0 0 1 1 0 1 1 0 1 1 0 1 1 1 0 1 1 1 1 1 0 1 0 1 1 1 0 1 1 1 1 0 0 0 0 0 0 0 0 0 1 1 1 0 0 0 1 0 1 1 1 1 0 1 0 1 0 0
0 0 1 1 0 1 1 1 1 1 1 1 0 0 1 0 1 0 1 1 0 0 0 0 1 0 1 1 0 1 0 1 0 0 0 0 0 0 0 1 0 1 0 1 1 0 0 1 1 0 1 0 1 1 0 0 1 1 0 0 0
1 0 0 0 1 1 0 0 0 0 0 1 0 1 0 1 1 1 0 1 1 1 0 0 0 0 0 0 1 1 1 1 0 0 1 0 0 0 1 0 0 1 0 1 1 0 0 1 0 1 1 1 0 0 0 0 0 0 1 0 1
1 0 1 0 0 0 0 1 1 1 0 1 0 1 1 0 0 1 0 1 0 0 0 0 0 1 1 0 1 1 1 0 1 1 0 1 0 1 1 0 1 0 0 0 0 0 0 0 0 1 1 1 1 1 0 1 1 0 0 0 0
1 0 1 1 1 0 0 1 0 0 0 1 0 0 0 1 1 0 1 1 0 0 0 0 0 1 0 0 1 1 1 1 1 1 1 0 1 0 0 1 1 1 0 0 1 0 0 0 0 1 0 0 1 1 0 1 1 0 1 0 1
0 0 1 1 0 0 1 1 1 1 1 0 0 0 0 0 0 0 1 1 1 0 1 0 0 0 0 0 0 0 0 1 0 0 1 1 0 1 0 0 1 1 0 1 1 0 1 1 1 1 1 0 0 1 0 0 1 0 0 0 1
0 0 1 1 0 0 1 0 0 0 0 0 1 1 1 1 1 1 1 0 0 1 1 1 1 0 0 0 0 1 1 1 0 1 0 1 0 0 1 0 1 1 1 0 1 0 0 0 1 0 1 0 0 1 0 0 1 0 0 1 0
1 0 0 0 1 0 1 1 1 1 0 1 0 1 0 0 1 1 0 1 0 1 1 0 0 1 1 1 0 0 1 1 1 0 0 0 1 1 0 1 0 1 0 1 0 0 1 1 0 1 0 0 1 1 1 1 0 0 0 0 1
0 1 1 0 0 1 1 0 1 0 0 0 0 0 1 1 0 1 1 1 1 0 1 1 0 1 0 0 0 0 1 0 0 1 1 0 1 1 1 0 1 1 1 1 0 1 1 0 1 0 1 0 0 1 1 0 1 0 0 1 1
1 1 1 1 1 1 0 1 1 1 0 1 1 1 0 1 0 0 1 1 0 0 1 0 0 1 0 0 1 0 1 1 1 1 0 1 0 0 0 1 0 1 0 0 0 1 0 1 1 0 1 1 0 1 0 0 0 0 1 0 0
0 1 0 0 0 0 1 0 1 1 0 1 1 1 1 1 0 1 0 0 0 1 1 0 0 1 0 1 0 1 1 1 1 0 0 0 1 1 1 1 1 0 0 0 1 0 0 1 0 0 0 0 1 1 1 0 0 1 1 1 0
1 1 0 0 0 0 0 1 1 0 0 1 1 0 0 1 1 1 0 1 0 1 1 0 0 1 1 1 1 1 0 1 0 0 1 0 0 1 1 0 0 0 1 0 1 0 1 0 1 0 0 0 1 0 1 0 1 1 1 1 0
1 0 0 0 0 1 0 1 1 0 1 1 1 0 1 1 0 1 1 1 1 1 1 0 1 1 0 0 1 1 1 0 0 1 0 0 1 1 0 1 1 1 1 0 0 0 0 0 0 1 0 1 0 0 1 0 1 1 1 0 1
1 0 1 0 1 0 1 1 0 1 0 1 0 1 0 1 1 0 0 1 1 0 0 1 0 1 1 0 1 1 0 0 1 0 0 0 1 1 1 1 1 1 1 1 0 0 0 1 0 0 1 1 1 1 1 1 1 0 1 1 0
1 0 0 0 1 0 0 0 0 1 1 0 1 1 1 1 1 1 1 1 1 0 1 1 1 0 0 1 1 1 0 1 1 1 1 0 0 1 1 0 0 1 0 1 1 1 1 1 1 1 1 0 0 0 1 0 1 1 0 0 0
0 0 0 1 0 1 0 1 0 1 1 1 0 1 0 0 0 1 1 1 0 0 0 0 1 0 1 0 1 1 1 0 1 1 1 0 1 0 0 1 0 1 0 0 1 0 0 1 0 1 1 1 0 1 1 0 0 0 0 0 1
1 0 1 0 0 0 1 0 0 0 1 1 0 1 0 0 1 0 1 1 0 0 0 1 1 0 0 0 1 1 0 0 0 1 0 1 1 1 0 0 1 1 0 0 0 0 0 0 1 0 1 0 0 0 0 1 1 1 1 1 0
0 0 1 0 1 1 0 1 1 1 0 1 1 1 0 1 0 1 0 1 0 1 0 0 1 1 1 1 0 1 0 0 0 0 0 1 0 1 1 0 1 1 0 0 0 1 1 0 1 1 0 1 1 0 1 1 0 0 0 0 0
0 0 1 1 1 1 0 1 1 0 0 1 0 1 1 1 1 0 1 1 1 0 0 1 0 0 1 1 0 1 0 1 1 1 0 1 1 1 1 1 1 1 1 1 1 0 0 1 1 0 1 1 1 1 0 0 1 0 0 0 1
78 64
1 1 0 0 0 0 0 1 1 1 0 0 1 0 1 1 0 1 1 0 1 1 1 0 0 0 1 1 0 0 1 1 1 1 0 1 0 1 1 0 0 0 0 0 1 0 0 0 1 0 1 1 0 1 1 0 0 0 0 1 0 0 0 1
1 0 0 0 1 0 1 0 1 0 0 0 1 1 1 0 1 1 1 1 0 1 1 1 1 1 0 1 0 1 0 0 1 1 1 1 1 1 0 0 1 0 0 0 1 1 1 1 1 0 0 1 1 0 1 0 1 0 0 1 0 0 1 1
0 1 0 0 1 1 1 0 0 0 1 1 1 1 1 0 1 0 0 1 1 0 1 1 1 0 0 0 1 0 0 0 0 0 0 1 0 0 1 1 0 1 0 1 0 1 0 1 1 1 1 1 1 1 0 1 0 0 0 0 1 0 0 0
0 0 1 0 1 1 0 1 1 1 1 1 0 0 0 1 0 1 0 0 1 0 1 1 0 1 0 0 0 1 0 1 0 0 1 1 0 1 1 0 0 0 1 0 1 1 1 1 0 0 0 0 1 1 0 1 1 1 0 1 1 0 0 1
0 0 1 1 1 1 1 0 0 1 0 0 0 0 1 0 1 0 0 0 1 1 0 1 1 0 0 1 0 0 0 0 1 1 0 0 1 0 0 1 1 1 1 1 0 1 0 1 0 0 0 1 0 1 0 0 1 1 0 0 0 1 1 1
1 0 0 1 1 0 1 0 1 1 1 0 1 0 0 0 1 1 0 1 0 0 0 0 1 0 0 1 1 0 0 0 0 0 0 1 0 0 1 1 0 0 0 0 1 1 0 0 0 0 0 1 1 1 1 0 1 0 0 1 1 0 0 0
0 0 1 0 0 0 0 1 0 0 0 1 1 1 1 1 0 1 0 0 1 1 1 0 0 0 1 0 1 0 1 0 0 1 1 0 1 1 1 1 0 1 0 0 1 0 0 0 1 1 0 1 0 1 1 1 1 1 0 1 1 1 1 0
1 0 1 1 1 1 0 1 1 0 1 1 1 1 1 1 0 1 0 1 1 0 0 1 0 0 0 0 1 0 0 0 1 1 0 1 0 1 0 0 1 1 0 0 1 0 0 1 1 0 0 0 1 0 0 0 1 0 1 1 0 0 0 0
0 1 0 1 0 0 0 1 0 1 0 1 0 1 0 1 0 1 0 1 1 0 0 0 1 1 1 0 0 1 1 0 0 0 0 1 1 0 0 1 1 1 1 0 1 1 0 1 0 1 1 0 1 1 0 1 0 0 1 1 1 0 1 0
0 0 1 1 1 0 1 1 0 0 1 1 0 1 1 0 1 1 0 1 1 0 1 0 0 1 0 0 0 1 0 0 1 0 1 0 0 0 1 1 1 1 1 0 1 1 0 0 0 1 0 1 0 0 0 1 1 0 1 0 0 0 0 1
1 1 0 1 1 1 1 0 1 0 0 0 0 1 1 0 1 0 1 1 0 0 0 1 0 0 0 1 1 0 0 1 0 1 1 1 1 1 0 0 0 0 1 1 0 0 0 0 0 1 1 0 1 1 1 1 0 0 0 0 1 0 1 0
0 0 1 1 1 1 0 1 1 1 0 0 1 0 0 1 0 1 1 1 0 0 1 1 1 1 0 0 0 0 0 0 0 1 1 1 1 0 0 1 0 1 1 0 1 0 0 0 1 1 0 0 1 0 0 1 1 0 0 1 0 0 1 1
0 0 1 1 1 1 1 0 1 1 0 1 1 1 0 0 1 0 1 1 1 1 0 1 0 1 1 1 1 1 0 1 0 0 1 1 0 1 0 0 1 0 1 1 1 0 1 0 1 1 0 1 0 0 1 1 1 1 1 0 1 1 0 0
1 1 1 0 1 0 1 1 0 1 0 1 0 0 1 0 1 0 1 0 0 0 1 0 0 1 0 0 1 1 0 0 0 1 1 0 1 1 0 0 0 1 0 0 1 0 1 1 1 0 0 0 0 0 0 0 1 0 1 0 0 1 0 0
1 0 1 1 0 0 0 1 0 0 0 0 1 1 0 1 0 1 1 1 0 1 0 0 1 0 0 0 1 1 1 0 0 0 1 1 0 0 0 1 0 0 1 0 0 1 0 1 0 0 0 1 0 1 0 0 0 1 1 0 0 1 0 0
0 0 1 0 1 1 0 1 0 1 1 0 0 1 0 1 0 1 1 0 1 1 1 1 1 1 0 0 0 1 1 0 1 1 1 1 1 0 1 1 1 0 1 0 1 0 1 1 0 0 0 0 0 1 1 1 1 0 0 1 1 0 1 0
1 1 1 0 0 0 0 1 0 1 1 0 1 1 0 1 0 1 1 0 0 0 1 1 1 1 0 0 1 1 1 0 0 1 1 0 0 1 1 1 1 0 0 0 0 1 1 0 1 1 1 0 1 0 0 1 1 0 0 0 1 1 1 0
1 1 1 1 1 0 1 1 0 1 1 0 0 1 0 0 1 0 1 0 1 0 0 0 1 0 1 0 1 0 0 1 0 1 0 0 1 1 1 0 1 0 0 0 0 0 0 1 1 0 0 0 0 1 0 0 1 0 0 0 1 1 1 1
1 0 1 1 1 1 1 0 0 0 0 0 1 1 0 0 1 0 0 0 0 0 0 0 1 1 1 0 1 1 0 1 1 1 0 0 0 0 1 1 1 1 1 1 1 1 0 1 1 0 1 0 0 0 1 0 1 0 1 1 0 1 0 1
1 0 0 1 1 1 0 1 0 0 0 1 0 0 1 1 0 1 0 0 0 1 0 0 1 0 0 1 1 0 1 0 1 0 0 1 0 1 1 0 1 0 0 0 1 1 0 1 0 0 0 0 0 0 1 0 1 0 1 0 0 0 0 0
1 1 0 0 1 1 1 0 0 1 1 0 0 1 1 0 1 1 0 0 0 0 1 0 1 1 1 0 1 0 0 0 0 1 1 1 1 0 1 1 1 1 0 1 1 1 1 1 0 1 0 1 1 0 1 0 0 0 0 1 0 0 1 0
0 1 1 1 1 0 1 1 1 0 0 1 1 0 1 0 1 0 0 1 1 1 1 0 1 1 1 0 0 1 0 1 1 0 1 0 0 0 1 0 1 0 1 0 0 0 1 0 0 1 0 0 0 0 0 1 1 1 1 0 1 1 1 1
0 1 0 0 0 0 0 1 1 0 0 1 0 1 0 1 0 0 0 0 1 0 1 1 0 1 0 1 1 1 1 1 1 1 0 1 1 1 1 0 1 0 0 0 0 0 0 1 0 0 0 1 1 0 0 0 0 0 0 0 1 0 1 1
0 0 0 1 1 1 0 1 0 1 1 1 0 1 0 0 0 0 0 0 0 1 1 0 0 1 0 1 0 0 1 1 0 0 1 0 0 1 0 0 0 1 1 0 1 1 1 0 0 1 0 0 0 1 1 1 0 0 1 0 0 0 0 1
1 0 1 0 0 0 0 1 1 0 1 1 1 1 1 1 0 0 0 1 0 1 1 1 0 0 0 1 1 0 1 1 0 0 1 0 1 0 0 0 1 1 0 0 0 0 1 1 0 0 1 0 0 0 0 0 1 1 0 0 0 1 0 0
1 1 1 0 1 0 1 1 1 1 1 1 1 1 1 0 0 0 0 1 0 1 0 0 0 0 1 1 1 1 0 1 0 0 0 0 0 0 0 1 0 0 1 0 0 1 0 0 0 0 0 0 1 1 1 0 1 1 1 1 0 1 0 0
0 0 1 0 1 1 1 0 0 0 0 1 0 0 1 0 1 1 1 1 1 1 1 0 0 1 1 0 1 0 0 0 1 0 0 0 1 1 0 1 1 0 0 1 1 1 1 0 0 0 1 0 0 0 1 1 1 1 0 1 1 1 0 1
1 0 0 0 1 1 0 0 1 0 0 0 1 0 0 0 0 0 1 1 1 1 1 0 0 1 0 1 1 1 1 1 1 1 1 0 1 0 0 0 1 1 1 0 1 0 0 0 1 0 0 0 0 1 1 1 0 0 0 0 1 1 0 0
0 1 0 1 1 1 1 0 0 0 1 1 1 1 1 0 1 1 1 0 0 0 1 0 0 0 1 0 1 0 0 0 0 1 0 1 0 1 0 0 0 0 1 1 1 0 1 0 1 0 0 1 1 1 0 0 0 0 1 1 1 0 0 1
1 1 0 1 1 0 1 1 1 0 0 0 1 0 0 0 0 0 1 0 1 1 0 0 0 0 1 1 0 0 0 0 1 0 0 0 1 1 0 1 1 1 0 0 0 1 1 1 1 0 0 0 1 1 1 0 1 1 0 1 1 1 0 1
0 1 0 0 0 0 0 0 1 0 1 0 1 0 1 1 0 0 1 1 1 0 1 1 1 0 0 1 0 0 1 1 1 0 0 1 0 0 0 1 1 1 0 0 0 1 1 0 1 1 0 1 1 0 1 1 0 0 0 0 1 0 0 1
1 0 0 1 1 1 0 0 1 1 1 0 1 1 1 0 0 0 1 1 0 0 0 0 1 0 0 0 0 0 1 1 0 1 0 0 1 0 1 1 0 0 0 0 0 0 1 1 1 0 0 0 0 0 1 0 0 1 1 0 1 1 1 1
0 0 1 1 0 0 0 0 0 0 1 0 0 1 0 1 0 0 1 0 1 1 0 1 1 0 0 0 1 1 1 1 1 1 0 0 0 1 1 1 0 0 1 0 0 1 1 0 1 0 1 0 0 1 1 1 1 1 1 1 1 1 1 1
0 1 0 1 1 0 1 1 0 1 0 0 0 1 1 0 0 1 1 0 0 1 1 1 0 1 1 1 1 0 0 0 0 1 1 1 1 1 1 0 0 1 1 0 0 0 0 1 1 1 0 0 1 0 1 1 1 1 0 1 1 1 0 0
1 0 0 1 1 1 1 1 1 0 1 0 0 0 1 0 0 1 0 0 1 1 1 0 0 0 1 1 0 1 0 1 1 1 1 0 0 0 1 0 1 1 1 1 1 0 1 1 1 1 1 0 1 1 0 1 1 1 1 0 0 1 1 0
0 0 0 1 1 1 0 0 1 0 1 1 1 0 0 0 0 0 0 0 1 0 1 0 1 1 0 0 1 0 1 1 1 0 1 0 0 1 1 1 1 0 1 0 0 0 1 1 0 1 0 1 1 1 0 1 0 1 1 1 0 1 1 0
0 1 1 1 1 1 1 1 1 0 1 0 1 1 0 0 0 1 1 1 1 1 0 0 1 1 1 1 1 1 0 1 1 0 0 0 1 0 1 0 0 1 1 1 1 0 1 1 0 1 0 1 0 1 0 1 0 0 0 0 1 0 0 1
1 1 0 0 1 0 1 1 0 0 1 1 0 1 1 0 0 1 0 0 0 1 0 1 1 0 1 0 0 1 1 0 0 1 0 1 0 0 1 0 1 0 1 0 0 0 0 0 1 0 0 0 1 1 1 1 1 1 1 1 0 1 1 0
1 1 1 1 0 0 0 0 0 0 1 1 0 0 0 1 1 0 0 1 0 1 0 1 0 0 0 0 0 1 1 0 1 1 1 0 1 1 1 0 0 0 1 0 0 0 1 1 0 1 0 1 0 1 1 0 0 0 1 1 0 0 1 0
1 1 1 0 1 1 0 0 0 1 0 1 0 0 0 0 0 0 1 0 1 0 0 0 0 0 1 0 0 1 1 0 1 0 0 0 0 1 0 0 0 1 1 1 0 1 0 0 0 0 0 1 1 0 0 1 0 1 0 1 1 1 0 0
1 0 0 1 0 0 0 0 0 0 1 1 1 0 0 1 1 0 0 1 1 0 0 1 0 1 0 0 1 0 1 0 1 0 1 1 1 0 0 0 0 0 0 0 0 0 0 1 1 1 1 0 1 0 1 1 1 0 0 1 0 1 0 1
1 1 0 1 1 0 1 1 0 1 0 1 1 0 0 0 0 1 0 1 1 0 0 1 1 0 1 0 1 0 1 0 1 0 0 1 0 0 0 0 1 0 0 0 0 0 1 0 0 0 0 0 0 0 1 0 1 0 0 1 1 0 1 1
1 0 0 1 1 1 1 1 1 0 1 1 1 0 0 0 0 0 1 1 0 0 0 0 1 1 1 1 0 1 1 1 0 0 1 1 1 1 1 1 0 0 1 1 1 1 1 0 0 0 1 0 1 1 0 0 1 0 0 0 0 1 0 0
1 1 1 1 1 1 0 0 0 0 1 0 0 1 1 0 0 0 1 1 0 0 0 0 0 0 1 1 1 0 1 0 0 0 0 0 1 0 1 0 0 1 0 1 0 1 1 0 1 0 0 1 1 0 0 0 0 1 0 1 1 1 0 1
1 1 1 0 1 1 1 1 0 0 0 1 0 0 1 0 0 0 0 0 1 1 1 1 1 1 1 1 0 0 1 1 1 1 1 0 0 1 0 1 0 0 0 1 0 1 0 0 1 1 0 1 0 0 0 0 0 1 0 0 0 0 1 0
0 1 1 1 1 1 1 0 1 0 1 0 1 1 1 0 0 1 1 1 0 0 1 1 0 1 1 0 0 0 1 1 0 0 1 1 1 1 0 1 0 1 1 0 0 1 0 1 0 1 0 0 0 0 0 1 1 0 0 0 1 0 0 0
0 1 1 1 0 0 0 0 1 0 1 0 0 0 0 1 1 1 1 0 0 1 0 0 1 1 0 1 0 0 0 0 0 1 0 0 0 0 0 0 0 1 0 0 1 0 1 0 1 0 0 1 0 1 0 0 0 1 0 1 1 1 1 0
0 1 1 1 1 1 0 0 0 1 0 1 1 0 0 0 0 1 0 1 1 1 1 1 0 1 1 1 0 0 1 0 1 1 1 1 1 0 1 0 1 1 1 1 0 0 0 1 1 1 0 1 1 1 0 1 0 1 1 1 0 1 0 0
1 0 0 0 0 0 0 0 1 0 0 1 0 0 1 1 1 1 1 1 0 0 1 0 1 0 0 1 0 0 0 0 1 1 1 1 0 1 1 1 1 1 0 0 1 0 0 0 0 0 1 0 1 0 0 0 1 0 1 1 0 0 1 0
1 1 1 0 1 1 1 0 1 1 0 0 1 0 1 0 0 1 1 0 1 0 0 1 0 0 1 0 0 1 1 1 1 1 0 1 1 1 1 1 1 1 1 0 1 1 1 1 1 0 1 0 0 1 0 1 1 0 1 0 0 0 0 1
0 0 0 0 1 1 1 1 0 0 1 0 0 0 1 0 0 0 0 0 0 0 1 1 0 1 1 0 0 0 1 0 0 1 0 1 0 0 0 0 0 1 0 0 0 0 0 1 1 0 1 0 0 0 1 1 1 0 1 0 1 0 1 0
1 1 1 0 1 1 0 0 1 0 1 1 1 1 0 0 0 1 0 1 0 1 0 1 1 0 1 1 0 1 1 1 0 1 0 1 0 1 0 1 0 0 1 1 0 0 1 1 0 0 0 1 0 0 0 1 0 0 0 1 1 1 1 1
1 1 0 0 1 1 1 1 0 0 0 0 1 0 0 0 0 0 1 1 0 1 1 1 0 0 0 0 0 1 1 0 0 0 1 0 1 0 1 0 1 1 1 0 0 0 0 1 0 0 0 0 1 0 1 0 0 1 1 1 1 1 0 0
0 1 1 1 1 1 1 0 1 0 1 1 0 1 0 0 0 1 0 0 1 0 1 1 1 0 1 1 1 0 1 1 0 1 1 1 0 0 1 0 0 0 0 0 1 0 0 0 1 0 1 0 0 0 0 0 0 0 1 0 0 0 1 1
0 1 0 0 0 0 0 0 1 0 1 1 1 0 1 1 1 1 0 1 1 0 1 0 0 1 1 1 0 0 0 1 0 0 0 0 1 1 1 1 0 0 0 1 1 1 0 1 0 1 0 0 1 0 0 1 0 1 1 0 0 1 0 1
1 1 0 1 1 1 0 0 1 1 0 0 1 0 1 0 0 1 1 0 0 1 0 1 1 0 1 1 1 1 1 1 1 0 0 1 0 1 0 1 1 0 0 1 0 0 0 0 0 0 0 1 0 1 1 0 0 0 0 0 1 1 1 1
0 0 1 1 0 0 0 0 0 0 0 0 0 0 0 1 1 1 0 0 0 1 1 0 0 0 1 1 0 1 0 1 0 1 0 1 1 1 0 1 1 0 1 1 1 1 0 1 1 0 1 1 0 1 0 1 1 0 0 0 1 0 1 0
0 1 1 1 1 1 1 0 1 1 0 1 0 0 1 0 0 0 0 0 0 1 1 1 1 1 0 1 0 0 1 1 1 1 1 0 0 0 0 0 1 0 1 0 1 0 1 0 0 1 1 0 1 0 0 1 0 0 0 0 1 0 1 0
0 0 1 0 1 1 1 1 1 0 0 1 0 1 0 0 0 0 1 0 1 1 1 1 1 0 0 1 0 1 1 0 0 0 0 1 1 1 1 1 0 0 1 0 0 0 0 0 1 1 1 1 0 0 1 0 1 0 1 1 0 0 0 1
0 1 0 1 1 1 1 0 1 0 0 0 0 1 0 0 1 1 1 0 1 1 1 1 0 1 1 0 0 0 0 1 1 0 1 1 1 0 1 0 0 1 1 1 0 1 0 0 0 1 0 1 0 1 1 1 0 0 1 0 0 0 0 0
0 1 0 1 1 1 1 1 1 0 0 1 0 0 0 0 0 0 0 0 0 0 0 1 1 0 0 1 0 1 1 0 0 1 0 1 0 1 0 1 1 0 1 0 0 1 0 0 1 1 0 0 1 1 1 1 0 0 0 1 0 1 1 1
1 1 1 0 0 1 1 0 0 0 0 0 0 1 1 0 0 0 1 1 1 1 0 0 1 0 0 1 1 1 1 0 1 0 0 0 1 0 0 0 0 0 1 0 1 0 1 1 0 0 1 1 1 1 0 1 0 1 1 0 0 0 1 1
1 1 0 1 0 0 0 0 0 0 0 0 0 1 0 1 1 1 1 0 1 0 1 0 0 0 1 0 1 1 0 1 1 1 1 1 0 0 0 0 1 1 1 1 1 0 0 0 1 1 0 0 1 0 0 0 0 0 0 0 0 1 1 1
1 1 0 0 1 1 1 1 1 1 1 1 0 0 0 0 1 1 0 1 0 0 0 1 0 0 1 0 1 1 0 1 0 1 0 1 1 0 1 0 0 1 1 1 1 1 1 1 1 0 0 1 0 0 1 1 0 0 1 0 0 0 0 1
0 0 1 1 0 0 0 0 0 0 0 1 1 0 1 1 1 0 1 1 1 1 0 0 1 1 1 0 0 0 0 0 0 0 0 0 0 0 1 0 1 1 0 1 1 0 1 0 0 1 1 1 0 1 1 0 1 1 0 0 0 0 0 1
0 0 0 1 0 1 1 0 0 1 1 1 1 0 0 0 0 0 1 1 0 1 1 0 0 1 0 0 0 0 1 0 0 0 1 0 1 1 1 1 0 1 0 0 1 1 0 1 1 0 1 1 1 0 1 0 0 1 1 1 0 0 0 0
1 0 1 1 1 1 1 1 1 1 0 0 1 1 0 0 0 1 0 1 1 1 0 1 0 0 0 1 1 1 1 1 1 0 1 0 0 0 0 1 1 0 1 0 0 1 0 1 0 0 1 1 1 1 0 0 1 1 0 1 1 0 0 1
1 1 0 1 1 1 1 1 0 0 0 1 0 1 1 0 1 0 0 1 1 0 1 1 1 0 1 0 0 1 0 0 1 1 1 1 0 1 0 0 1 0 0 1 1 1 0 1 1 0 0 1 1 1 1 0 0 0 0 0 1 0 0 0
1 1 0 0 1 1 1 0 1 0 1 0 0 0 1 0 0 1 1 1 1 0 0 1 0 1 0 1 0 0 1 1 0 0 1 1 1 0 1 0 1 1 0 0 0 1 1 0 0 1 0 0 0 1 0 0 0 0 1 1 0 1 0 1
0 0 0 1 0 1 1 0 0 0 0 1 1 1 1 0 0 0 0 0 0 1 1 0 0 1 0 0 1 0 1 0 1 1 0 0 0 1 0 1 1 1 1 0 1 1 1 0 1 1 1 1 1 1 1 1 0 1 0 1 1 0 0 1
1 1 1 1 0 0 0 1 1 1 0 0 1 1 1 1 1 0 0 1 0 1 0 0 1 1 1 0 1 0 0 0 1 0 1 1 1 1 1 1 1 0 0 1 1 1 0 1 0 0 0 0 0 1 1 1 0 0 1 0 1 1 0 0
0 1 0 1 1 1 1 1 0 1 1 0 1 1 0 0 1 0 1 1 1 0 1 1 1 1 1 1 1 0 0 0 0 1 1 0 0 1 0 1 0 0 0 1 1 0 1 0 0 1 0 1 1 0 0 0 0 1 1 0 0 0 1 0
1 1 0 0 0 0 0 1 1 0 1 0 0 0 1 1 1 0 0 0 1 0 1 1 0 1 1 1 0 0 0 0 1 1 1 0 1 1 1 1 0 0 0 1 1 1 1 1 1 0 1 1 1 0 1 0 1 1 1 1 1 0 1 1
1 0 0 0 0 1 1 0 1 1 1 0 1 1 1 0 0 0 1 0 1 0 0 0 1 0 0 0 0 1 1 1 0 1 0 0 0 0 0 1 0 0 1 0 1 0 0 1 1 0 1 1 0 1 1 1 0 1 0 1 0 1 1 1
0 1 0 0 1 1 1 0 0 1 0 1 0 1 1 0 0 1 0 0 0 0 0 0 1 1 0 0 1 0 1 1 1 1 1 0 1 1 1 0 1 1 0 0 1 0 0 0 1 0 1 1 1 1 0 1 1 1 1 0 1 1 1 0
1 1 1 0 1 1 1 1 0 0 0 0 1 0 0 0 1 0 1 0 0 0 0 0 1 0 1 1 0 1 0 0 1 0 0 0 1 0 1 1 1 1 1 1 1 0 0 0 0 0 0 1 1 0 0 1 0 1 1 1 0 0 1 1
1 0 1 0 1 1 1 0 0 0 1 1 1 1 0 0 0 1 0 1 1 1 1 0 1 0 0 0 1 1 1 1 1 1 1 1 0 1 0 0 0 0 1 0 1 0 1 1 0 0 0 0 0 0 0 1 1 0 0 0 1 0 0 1
0 0 0 1 0 1 1 0 1 0 0 0 0 0 0 0 0 0 1 1 0 0 1 0 1 1 0 1 1 1 1 1 1 0 1 0 1 0 1 0 1 0 0 0 1 0 1 1 0 1 1 1 0 0 1 0 0 1 1 1 0 1 1 0
97 67
0 1 0 0 1 0 0 0 1 0 1 0 1 1 0 0 1 0 0 1 1 1 0 1 1 1 0 1 0 0 0 1 0 1 1 1 1 0 0 0 0 0 0 1 1 1 1 1 0 0 0 0 1 0 1 0 1 0 1 0 0 1 1 1 0 0 1
1 0 1 0 1 0 1 1 1 0 0 0 1 0 1 0 1 0 1 0 0 0 1 1 0 0 0 1 0 1 1 1 1 1 0 0 1 0 1 0 1 1 1 1 1 1 1 0 0 1 1 0 0 0 0 0 1 1 0 1 1 1 1 1 1 0 1
0 1 0 0 1 1 1 1 1 1 0 0 0 1 1 0 0 1 1 1 0 1 0 0 1 0 1 0 0 1 0 1 1 1 1 0 0 1 1 0 0 0 1 0 1 0 1 1 0 0 0 1 0 0 1 1 1 0 0 1 0 1 1 0 1 1 0
1 0 0 0 1 1 0 1 0 1 1 1 1 0 0 1 1 0 1 1 1 1 1 0 1 0 1 1 1 1 1 0 0 1 0 1 0 0 1 0 1 0 0 0 1 1 0 1 1 1 0 1 0 1 1 0 0 0 1 1 1 0 0 0 0 1 1
1 1 0 0 1 0 0 1 0 1 1 1 0 0 0 1 0 1 1 1 0 1 0 1 0 0 0 1 1 0 0 0 1 0 1 1 1 1 1 0 1 1 1 0 1 1 0 1 1 1 1 1 1 0 0 0 0 1 0 0 0 0 0 1 1 0 0
0 1 0 1 1 0 1 0 1 1 0 0 1 1 1 0 0 1 0 0 1 1 1 1 1 0 0 1 0 0 1 1 0 0 0 0 0 0 1 1 0 1 0 0 1 1 1 0 0 1 0 0 0 0 0 0 0 1 1 1 0 1 1 1 1 0 0
0 0 0 1 1 0 0 0 0 1 0 1 0 1 0 0 0 1 1 1 0 0 0 0 0 0 1 1 0 1 0 1 1 0 1 1 0 0 1 0 0 0 1 1 1 0 1 0 1 1 1 1 1 0 0 1 1 0 1 0 0 1 0 1 0 0 1
1 1 1 1 1 1 0 0 1 0 1 1 1 1 0 1 0 0 0 0 1 0 0 0 0 1 1 1 1 1 0 0 1 0 1 0 0 1 1 0 1 0 1 1 0 0 0 0 1 1 0 1 1 1 1 1 0 1 0 1 0 0 1 1 0 0 0
1 1 0 1 0 1 1 0 0 0 0 0 1 1 0 0 0 1 0 1 0 1 1 0 1 0 1 1 0 1 1 0 0 0 0 1 1 1 0 0 0 0 1 0 0 0 1 0 0 0 1 0 0 1 0 1 0 1 0 0 0 1 0 1 1 0 1
0 0 1 0 0 0 0 1 0 0 0 0 1 1 1 0 0 1 0 0 0 0 0 1 0 0 0 0 1 1 0 1 0 1 0 1 0 1 0 0 1 1 0 1 0 0 0 1 0 1 1 0 1 0 0 0 0 0 0 1 0 1 1 1 1 1 1
0 0 0 1 0 1 0 1 0 1 1 0 1 0 1 1 0 1 0 1 0 1 0 0 0 1 1 1 1 1 0 1 1 0 0 0 0 1 1 0 1 0 0 0 0 0 0 1 0 0 1 1 1 1 1 1 1 1 1 0 0 1 1 0 0 1 0
1 0 1 1 1 1 0 0 0 1 0 0 0 0 0 1 0 0 0 1 1 0 0 0 0 1 0 0 0 1 0 1 1 1 1 1 0 0 1 0 1 0 0 1 0 0 0 1 0 1 0 1 1 0 0 0 1 0 1 0 0 0 1 0 1 0 0
0 1 1 1 0 1 0 1 0 1 0 0 0 0 1 0 0 0 1 0 0 1 1 1 0 1 0 0 1 0 1 0 1 0 1 1 0 1 1 0 1 0 1 0 1 1 1 1 0 0 1 0 1 0 0 1 1 1 1 1 1 0 0 0 0 1 0
1 1 0 0 0 1 0 1 1 1 1 1 1 1 0 0 0 0 0 1 0 0 1 0 1 0 1 0 0 0 0 0 0 1 0 1 1 1 0 1 1 0 0 0 0 1 1 0 1 0 1 1 1 1 0 0 1 0 0 0 0 0 1 0 0 1 0
1 1 0 0 0 0 1 0 0 0 0 1 0 1 0 0 1 1 1 1 1 1 0 0 0 1 1 0 1 1 0 0 0 1 1 0 0 1 0 0 1 1 1 1 0 0 1 0 1 0 0 0 1 1 1 0 1 1 0 0 1 0 1 1 1 1 1
0 1 0 0 0 0 0 1 0 1 1 1 0 0 0 0 1 0 1 1 0 1 0 0 0 1 1 1 0 0 1 1 0 0 0 1 0 1 0 0 0 1 0 1 0 0 0 0 1 0 0 1 0 0 1 0 1 1 0 1 1 1 0 0 0 0 1
0 1 0 1 1 1 1 0 0 1 1 0 1 1 0 0 1 1 0 0 1 1 1 0 0 1 0 0 0 1 1 1 0 0 1 1 0 0 1 1 1 1 1 0 0 0 1 1 0 0 1 1 0 0 1 1 1 1 1 0 0 0 0 1 1 1 0
1 1 0 1 1 1 0 0 1 0 0 1 0 0 0 1 1 1 1 1 1 0 1 1 0 0 0 1 1 0 0 0 1 0 0 0 1 1 0 1 1 1 0 1 1 0 0 1 0 1 1 1 1 0 0 1 0 0 1 0 0 1 0 1 1 0 1
0 1 0 0 0 0 1 1 1 1 1 0 1 1 1 1 0 0 1 1 1 1 0 1 1 0 1 1 0 0 1 1 0 1 1 0 0 1 0 1 1 0 1 0 0 0 0 1 0 0 1 0 0 1 0 1 0 1 0 1 1 0 0 0 0 0 1
0 0 1 1 0 1 0 0 1 1 1 1 0 0 1 1 1 0 0 1 0 1 0 1 0 1 0 1 1 1 1 0 1 0 0 0 1 0 0 1 0 0 1 1 1 1 1 0 1 1 1 1 1 0 1 1 1 0 0 1 1 1 0 1 0 0 0
1 1 0 0 0 1 1 0 1 0 1 0 0 1 1 1 1 1 1 0 1 1 0 0 1 0 0 1 1 1 0 1 0 0 0 1 0 1 0 1 0 0 0 1 0 0 0 0 0 0 1 0 0 0 1 1 0 1 0 0 1 1 0 1 0 1 0
1 0 1 1 0 0 1 0 1 0 1 0 0 0 0 0 1 0 0 0 1 1 1 1 1 0 1 1 1 1 1 1 0 1 1 1 1 0 1 1 0 0 0 0 1 1 0 0 1 0 1 1 0 1 0 0 1 0 1 0 0 0 1 1 1 0 1
1 1 0 1 0 0 1 1 0 1 0 1 1 1 0 0 1 1 1 1 1 1 0 1 1 0 1 1 0 0 0 0 1 0 0 1 1 0 0 1 1 1 0 1 1 1 1 1 1 1 1 0 1 1 0 0 1 1 1 1 0 1 0 0 0 0 1
1 0 0 0 1 0 0 1 1 0 0 1 0 1 1 0 0 0 1 1 1 0 0 1 0 1 1 1 1 0 0 0 1 0 0 0 1 1 0 1 0 0 0 1 0 1 1 0 0 1 1 1 1 0 1 0 1 0 1 1 1 1 0 1 0 1 1
0 0 0 1 1 0 0 1 0 0 1 1 1 0 0 0 1 1 1 0 1 1 1 1 1 1 1 0 1 1 1 0 0 1 1 1 1 1 0 0 0 0 1 1 0 1 1 1 0 1 1 0 1 0 1 1 0 1 1 1 0 0 0 0 1 0 0
1 0 0 1 1 0 1 0 1 0 0 0 0 1 1 1 1 1 1 0 1 1 0 1 1 1 0 1 0 1 0 0 0 1 0 1 1 0 1 1 0 1 1 0 1 1 0 1 0 1 0 1 1 1 1 0 1 0 0 0 1 1 1 1 0 1 0
1 0 1 1 0 0 1 0 1 0 0 1 0 1 0 0 0 0 1 1 0 1 0 0 1 0 0 0 1 1 1 1 1 0 1 0 0 1 1 1 0 0 1 0 1 0 1 0 0 1 0 0 0 1 0 1 1 0 1 0 1 1 1 1 0 0 1
0 1 1 1 0 0 1 0 0 0 0 1 0 1 0 1 0 0 0 0 1 0 0 1 1 1 1 0 0 0 0 0 0 1 1 0 0 1 1 0 0 1 1 1 1 0 1 1 1 0 0 1 1 0 0 0 0 1 1 0 1 0 0 1 1 0 1
1 0 1 1 1 0 0 1 0 1 1 0 0 1 1 1 1 0 1 0 1 0 1 1 1 1 0 1 1 1 0 1 1 1 0 0 1 1 1 1 1 1 1 0 1 0 0 0 1 0 1 0 0 1 0 0 0 0 1 1 0 1 1 0 1 0 0
0 0 0 1 1 1 0 0 0 1 1 1 0 1 0 1 1 0 1 0 1 1 1 1 0 1 0 0 1 0 1 0 1 1 1 1 1 1 0 1 0 1 1 1 1 0 1 0 1 1 0 1 0 0 1 0 1 0 0 1 0 1 0 1 0 0 1
1 0 1 0 1 0 0 1 0 1 1 1 0 0 0 1 0 1 1 0 0 0 0 0 1 1 0 1 1 1 1 1 0 0 0 1 1 0 0 1 0 0 1 0 0 1 0 0 1 0 1 1 1 0 1 0 1 1 0 1 1 0 1 1 0 0 1
1 0 0 0 0 1 0 1 1 0 1 0 1 0 1 0 1 0 1 0 1 1 0 1 1 1 1 0 1 1 0 1 1 0 1 0 0 1 0 0 1 0 0 1 1 1 0 1 0 0 1 0 0 1 0 1 0 1 1 1 0 1 0 1 0 0 0
1 0 0 1 1 1 0 0 1 1 0 1 0 1 1 1 1 1 0 1 1 0 1 1 1 1 0 1 1 0 0 1 1 1 0 1 0 0 0 0 1 1 0 0 0 1 0 1 0 1 1 0 0 1 1 0 1 1 1 1 0 0 0 0 1 1 1
0 0 0 0 0 0 1 0 1 0 0 1 0 1 1 0 0 0 0 0 1 0 0 0 1 0 0 0 0 0 1 1 0 0 1 0 0 1 0 0 0 1 0 0 0 1 1 0 1 1 0 0 1 0 0 0 1 0 1 0 1 1 1 1 0 1 0
1 0 1 1 1 0 0 0 1 1 0 1 1 1 0 1 0 1 0 1 0 1 0 0 0 1 1 0 1 1 0 0 1 1 1 1 1 0 1 1 0 0 1 0 1 0 1 0 1 0 1 1 0 0 1 1 0 1 0 1 1 1 0 1 0 0 0
1 0 0 1 0 1 1 1 1 0 1 1 0 1 1 0 0 0 0 0 1 0 1 1 0 1 0 0 0 0 1 1 1 0 0 0 1 1 0 1 1 0 1 1 0 0 0 1 0 0 1 0 0 0 0 1 0 1 0 0 0 1 0 1 1 1 1
1 1 0 0 0 1 1 0 0 0 0 1 0 1 0 0 0 1 1 0 1 0 1 0 1 1 1 1 0 0 1 1 0 1 1 1 0 1 1 0 1 0 1 1 1 1 1 1 0 1 1 1 0 0 1 1 1 0 0 1 1 1 1 0 0 1 1
1 0 1 1 1 1 1 0 0 0 1 0 0 1 0 0 0 1 1 0 0 0 0 1 1 1 1 1 1 0 0 0 1 0 0 1 0 1 0 0 0 0 0 1 0 1 1 0 1 1 1 0 0 1 1 0 1 1 0 0 0 0 0 0 1 1 1
0 1 1 0 1 0 1 1 1 1 0 1 1 0 1 1 1 0 1 0 0 1 0 0 1 1 1 1 0 0 1 0 1 0 0 1 0 1 0 0 0 0 1 0 1 0 0 0 1 1 0 1 1 1 1 1 0 1 1 0 1 0 1 0 0 0 1
0 1 1 1 0 0 1 1 1 0 0 0 0 0 0 0 1 0 1 1 1 1 0 1 1 1 1 0 0 1 1 1 1 0 1 0 1 1 0 0 1 1 0 0 0 0 0 0 1 1 0 0 0 0 1 1 0 1 0 0 0 0 0 1 1 1 0
0 1 1 0 0 0 0 0 1 1 1 1 0 1 0 1 1 0 1 0 0 1 1 1 0 1 1 1 0 1 0 1 0 0 1 1 0 1 1 0 0 1 1 1 1 0 0 0 0 1 1 1 1 1 1 1 0 0 1 0 1 1 0 0 0 1 1
0 1 0 0 0 0 0 1 0 1 0 1 1 1 1 0 1 1 1 1 0 1 1 0 0 1 0 1 0 0 0 0 1 1 0 1 1 0 0 1 1 0 0 0 1 1 1 0 0 1 0 1 0 1 0 0 1 1 0 0 1 1 1 1 0 1 0
0 0 1 1 0 1 1 1 0 0 1 0 1 0 0 0 1 0 1 0 1 0 1 0 0 1 1 1 0 0 0 0 1 1 0 1 1 0 1 1 1 0 1 1 1 0 1 1 1 0 0 0 1 1 0 1 1 1 1 1 1 1 1 1 0 0 0
0 0 0 0 1 1 0 1 0 0 1 0 0 1 0 1 1 0 0 1 1 1 1 0 1 0 1 1 1 0 1 1 0 1 1 0 0 0 0 0 1 0 0 0 0 0 1 1 0 0 0 1 1 0 1 1 0 1 1 0 1 1 1 0 1 1 0
0 0 0 1 0 1 1 0 0 1 0 1 0 1 1 1 1 0 0 0 1 1 1 1 0 0 0 1 0 1 0 1 0 0 1 1 0 1 1 0 1 0 1 0 1 0 1 1 0 0 1 0 1 0 1 1 0 0 0 1 0 0 1 0 1 1 1
0 0 1 0 1 0 0 1 1 0 0 1 1 1 0 1 1 0 1 1 0 0 0 1 1 1 0 0 0 0 1 1 1 0 0 1 0 0 1 0 0 0 0 1 0 0 1 1 0 0 1 0 1 1 1 1 1 1 0 0 0 0 1 1 0 0 1
0 0 0 0 0 0 1 0 0 1 0 1 1 1 0 1 0 0 0 1 1 1 1 1 1 0 0 0 1 1 0 1 1 1 0 0 1 1 0 1 1 1 0 0 1 1 1 0 1 1 0 1 0 0 1 0 1 0 0 0 1 1 1 0 0 1 1
1 0 1 0 0 1 1 1 1 1 0 0 1 1 0 0 0 0 1 0 1 0 1 1 1 1 0 0 0 1 0 0 0 1 1 1 1 1 0 0 1 1 0 0 0 0 1 1 0 0 0 0 0 0 1 1 0 1 0 0 0 1 1 0 0 1 1
0 1 1 1 0 1 1 0 0 1 1 0 0 1 0 1 0 0 0 0 1 0 1 0 1 1 1 1 0 1 0 0 1 1 0 1 0 1 1 0 1 1 0 1 1 0 0 1 1 0 0 0 1 0 1 0 0 0 1 0 1 1 1 0 1 1 0
0 1 1 0 0 0 1 0 1 1 0 0 0 0 0 1 0 0 0 0 1 0 1 0 0 0 1 0 1 0 1 0 0 0 1 0 1 0 1 0 1 1 0 0 0 0 1 0 1 1 0 0 0 0 1 0 1 0 0 0 0 1 0 0 1 1 0
0 0 1 0 0 0 0 1 0 0 1 0 1 1 1 0 0 0 1 0 1 1 0 1 1 1 1 1 1 0 1 0 1 1 0 1 0 0 1 1 0 0 0 1 0 0 1 0 1 1 1 1 1 1 0 0 0 0 1 1 1 1 1 1 1 0 0
0 0 1 1 0 1 1 0 1 1 0 1 0 1 0 1 1 0 0 1 1 1 0 0 1 1 0 0 0 0 1 0 0 0 0 1 1 1 1 0 1 0 0 0 0 0 0 1 0 0 0 0 0 1 1 0 1 1 1 1 1 1 0 1 0 1 0
0 1 1 0 0 1 0 0 1 0 1 1 0 1 0 1 0 1 0 1 0 1 0 0 1 1 1 0 0 0 0 0 0 0 0 1 0 0 1 0 1 0 0 1 0 0 0 0 0 0 0 1 0 0 0 0 1 1 0 0 0 1 1 0 0 1 1
0 0 1 0 1 1 1 0 1 0 0 1 1 1 1 1 1 1 1 0 0 1 1 1 0 1 1 1 0 0 1 1 1 0 0 1 0 0 0 1 1 1 0 0 0 0 0 1 0 1 0 0 1 0 0 0 0 0 1 0 0 0 0 0 1 1 1
1 1 1 0 0 1 1 0 1 0 1 1 1 0 1 0 0 1 1 1 1 0 0 0 0 0 1 1 1 1 1 1 0 0 1 1 1 0 1 1 0 1 1 0 0 1 0 0 0 0 1 1 0 1 0 0 1 1 0 1 1 1 1 1 1 1 1
1 0 1 1 0 0 0 0 1 0 0 0 0 0 1 1 0 1 0 1 0 0 0 1 0 0 1 1 0 0 0 1 1 1 1 0 1 0 1 0 0 0 1 0 1 1 0 0 0 0 1 0 1 1 0 1 0 1 1 1 0 0 1 0 0 0 0
0 1 0 0 0 0 0 1 0 0 0 1 1 0 1 0 0 1 1 0 0 0 0 1 1 0 1 0 1 1 0 0 0 1 1 0 1 0 0 0 1 1 1 1 0 1 1 1 1 0 0 0 1 1 1 0 1 1 0 1 1 0 1 1 1 1 1
1 1 0 0 0 1 0 1 0 0 0 0 1 0 0 1 0 0 0 0 1 0 1 1 0 1 0 0 1 0 1 0 0 0 1 0 0 1 0 0 1 1 1 1 0 1 1 0 0 0 0 1 0 1 1 0 1 0 0 0 1 0 0 0 1 1 0
0 0 0 0 0 0 0 0 1 0 1 1 1 1 0 1 1 1 1 1 1 0 1 0 1 1 0 1 1 0 0 1 1 0 1 1 1 1 1 1 0 0 0 0 0 0 1 1 0 0 0 0 0 1 1 1 1 1 1 1 1 0 0 1 1 1 1
0 1 1 1 0 0 1 1 0 1 1 0 1 1 0 1 1 1 1 0 1 1 1 1 1 0 1 0 0 1 1 0 1 1 0 1 1 0 1 1 1 1 0 1 0 1 0 1 0 0 1 1 0 0 0 1 1 0 1 1 1 0 0 1 0 1 0
1 1 1 0 0 0 0 0 1 0 0 0 1 1 0 0 0 1 0 0 0 1 0 0 0 1 0 1 0 0 0 0 0 1 1 1 1 0 1 1 0 0 0 0 0 1 1 0 1 0 0 1 1 0 0 1 0 0 1 0 0 0 1 0 0 0 1
0 0 0 0 1 0 1 1 0 0 1 1 1 1 1 0 0 1 1 1 1 0 1 0 0 1 0 0 0 0 0 1 1 0 0 0 0 0 1 1 0 0 0 0 0 1 0 0 0 1 0 0 0 0 1 0 1 0 1 1 1 0 0 1 0 1 0
1 1 1 1 1 1 0 1 0 1 1 0 0 1 0 0 1 0 1 0 1 1 0 0 0 0 1 0 1 0 0 1 1 1 1 0 0 0 1 0 1 0 0 0 0 1 0 0 0 1 1 1 0 1 1 1 1 1 0 1 1 1 0 0 1 0 0
0 0 1 1 1 1 0 0 0 0 1 0 0 0 0 0 0 1 1 0 1 0 0 0 0 1 1 0 0 1 0 1 1 0 0 1 1 0 0 0 1 0 1 1 1 1 0 1 0 0 0 1 1 1 1 0 1 1 0 1 0 0 1 0 0 0 0
0 1 1 0 0 0 0 1 0 0 0 1 1 0 1 0 1 1 1 0 0 1 0 0 1 0 0 0 0 0 0 1 1 1 0 0 1 1 0 1 0 1 1 1 0 0 0 1 0 0 0 1 1 0 0 0 1 0 0 1 1 0 0 1 1 0 0
0 0 1 1 0 0 0 1 0 0 1 1 0 1 0 0 0 1 1 0 1 1 1 0 0 1 1 1 1 0 1 0 0 1 0 1 1 1 0 0 1 0 1 0 1 1 0 1 0 1 1 1 0 1 0 0 0 1 1 1 1 1 1 0 1 1 1
0 0 0 0 0 0 0 1 1 0 1 1 1 0 1 0 1 1 0 1 0 0 0 0 1 0 1 0 0 0 0 1 0 1 0 1 1 1 1 0 1 0 0 1 0 1 0 1 0 0 1 1 0 0 0 1 1 0 1 0 1 1 1 0 1 0 1
1 0 1 1 1 0 1 1 1 0 1 1 1 1 0 0 0 1 0 1 1 0 1 1 0 0 0 0 1 0 0 0 1 1 1 0 0 0 1 0 1 0 1 0 0 1 1 1 1 1 1 0 0 0 0 1 1 1 0 0 1 0 0 0 0 1 1
0 1 1 1 0 0 0 1 0 1 0 1 1 1 1 1 1 1 1 1 1 0 1 1 0 0 1 0 0 0 0 1 1 0 1 1 1 1 1 1 1 1 1 1 1 0 1 0 1 1 1 0 1 1 0 1 1 0 0 0 1 0 1 0 0 1 0
0 1 0 0 0 0 0 0 1 1 1 0 0 1 0 0 0 0 0 0 1 0 0 1 0 0 0 0 0 0 0 0 0 1 0 1 0 1 0 1 0 0 1 0 0 0 1 1 0 0 0 1 1 0 1 0 0 0 1 1 1 1 0 0 1 0 0
0 1 1 0 0 0 0 1 1 1 1 1 0 0 0 0 1 1 0 0 1 1 1 0 1 1 0 0 0 0 0 0 0 1 1 1 1 1 1 1 0 1 1 0 0 0 0 1 0 0 0 0 0 0 0 1 1 1 1 1 1 1 1 1 0 1 0
0 0 0 1 1 1 0 1 0 1 0 0 0 1 0 1 1 1 1 1 0 1 1 0 1 1 1 0 0 0 0 1 0 1 1 1 0 1 0 1 0 0 0 1 1 0 0 0 1 1 0 1 0 0 1 1 1 1 0 1 1 1 0 0 1 0 1
1 1 0 0 0 1 1 1 0 0 0 0 0 1 0 0 0 1 0 1 0 1 1 0 1 1 1 1 0 1 0 0 0 0 1 1 1 0 1 0 1 0 0 0 0 0 1 1 0 1 1 1 0 1 0 0 1 0 0 1 1 1 1 0 0 0 0
0 1 0 0 1 0 0 0 1 1 0 1 1 1 0 1 0 1 1 0 0 0 1 0 1 1 0 1 0 0 0 1 0 1 1 1 0 0 0 0 1 0 0 0 1 0 1 0 1 1 0 0 0 1 1 1 0 1 0 0 0 1 0 0 0 0 1
0 1 1 1 0 1 1 1 0 1 1 1 0 1 0 0 0 1 1 0 1 1 0 0 0 0 0 1 1 1 1 1 0 1 0 0 0 1 1 1 1 0 0 0 1 0 1 1 1 1 1 1 0 1 1 1 1 1 0 0 1 0 0 0 1 1 0
1 1 1 0 1 1 0 1 0 1 0 1 0 1 0 0 0 0 1 1 1 1 1 0 1 0 0 0 0 0 1 0 0 0 0 0 0 1 1 1 1 1 0 1 0 0 1 0 0 0 0 0 0 1 0 1 1 1 1 1 0 0 1 1 0 1 0
0 0 1 0 1 1 1 0 0 1 0 0 0 0 0 1 0 1 1 1 1 0 0 1 0 1 0 1 1 1 1 1 1 1 0 1 0 1 0 0 0 0 1 0 1 0 0 1 0 0 1 0 1 1 0 0 1 1 1 1 1 1 0 0 1 0 0
0 1 0 1 1 1 0 0 1 0 1 0 0 0 1 1 0 1 1 1 1 1 1 1 0 1 0 0 1 0 1 0 0 0 1 1 1 0 1 0 1 0 0 0 0 1 0 1 1 1 0 1 1 1 0 1 1 0 1 1 0 1 0 0 1 1 1
1 1 1 1 1 1 0 1 0 0 0 0 1 1 0 1 1 0 1 0 1 0 0 0 0 0 0 1 1 1 1 0 1 1 1 1 0 1 1 1 0 0 0 1 1 1 1 0 1 0 0 1 1 1 0 0 1 1 0 1 1 1 0 0 0 1 1
1 1 0 1 1 1 0 0 0 1 1 0 0 0 1 0 0 1 1 1 0 1 0 1 0 1 1 1 1 1 0 0 1 0 0 1 1 1 1 0 0 1 1 1 0 0 0 0 0 1 0 0 1 0 1 1 1 1 0 1 0 0 0 1 1 1 1
0 0 0 1 1 0 0 0 1 1 0 0 0 0 1 0 0 1 1 0 1 1 0 0 1 0 0 1 0 0 0 0 1 1 0 1 1 0 0 1 0 1 0 1 1 0 1 0 1 0 0 0 0 0 0 1 0 0 1 0 0 0 1 1 1 0 1
1 0 0 1 1 1 0 0 1 0 1 1 0 0 0 1 1 0 1 1 0 0 0 1 0 1 0 1 0 1 1 1 1 1 0 1 1 1 0 0 0 0 0 1 1 1 1 1 0 1 1 1 1 0 0 0 1 0 1 0 0 0 1 0 0 1 0
0 0 1 1 0 0 0 1 0 1 0 1 1 1 0 0 0 1 0 1 1 1 1 0 1 1 1 1 0 0 1 0 0 1 0 1 1 0 0 1 0 0 0 1 1 0 1 1 0 0 1 0 0 0 1 1 1 1 1 1 1 1 0 0 1 1 1
1 1 1 1 0 1 1 0 0 0 0 1 1 1 0 1 0 0 0 1 0 0 1 0 0 0 0 0 0 0 1 1 0 0 1 0 1 1 0 0 1 0 1 1 0 0 0 1 1 0 0 1 1 0 1 1 1 1 1 1 0 1 1 0 1 1 0
0 1 0 1 0 0 1 1 0 1 1 0 0 1 0 1 0 0 0 0 1 1 1 0 0 1 0 1 1 0 0 1 1 0 0 1 1 0 1 0 1 1 0 0 0 0 0 1 0 1 1 0 1 0 1 0 1 0 1 1 1 1 0 0 1 1 1
1 1 1 0 1 0 0 1 1 1 0 0 0 0 1 1 1 0 0 0 0 1 0 0 0 1 1 0 1 0 0 0 0 1 0 0 1 0 0 0 0 0 1 0 0 0 1 1 0 1 0 1 0 1 1 1 1 0 1 0 1 0 0 1 1 1 0
1 0 1 0 1 0 1 1 0 0 1 0 1 1 1 1 0 0 1 1 0 0 1 0 1 0 0 0 0 1 1 1 1 0 0 1 0 1 1 0 0 1 0 0 1 0 0 0 0 0 1 1 1 1 1 1 1 0 0 0 1 1 0 0 0 0 1
0 1 1 1 0 1 1 0 1 1 0 1 1 0 0 0 0 0 0 1 0 1 0 1 1 0 0 1 1 1 0 1 1 1 0 0 0 1 0 0 0 1 0 1 1 0 0 0 0 0 0 1 1 1 1 1 0 1 1 0 1 0 0 1 0 0 0
1 1 0 0 0 0 1 0 1 1 1 0 0 0 1 1 0 1 0 1 0 1 0 0 1 1 1 1 0 1 1 0 1 0 0 0 1 0 1 0 0 1 1 0 1 1 0 1 0 1 1 0 1 1 1 1 1 1 0 1 1 0 1 0 1 1 1
0 1 1 1 0 1 1 0 0 1 1 0 1 1 1 1 0 1 1 1 0 0 0 1 0 0 1 1 0 0 0 1 0 1 1 0 0 1 0 1 0 0 1 0 0 0 0 1 0 0 1 0 0 1 1 1 1 0 0 0 0 0 0 0 1 1 0
0 1 1 1 0 1 0 0 1 0 0 0 1 0 0 0 1 0 1 0 1 1 0 1 0 1 0 0 0 1 0 1 1 0 0 1 0 0 1 0 1 1 1 0 0 0 0 0 1 1 1 0 1 0 1 0 0 1 1 0 0 1 1 1 1 1 0
0 1 1 0 0 1 0 0 1 0 1 0 0 0 0 0 1 0 0 0 0 1 0 0 1 0 0 0 0 0 0 0 0 0 0 0 1 1 1 1 1 0 1 1 1 0 0 1 0 0 1 0 0 1 1 0 0 0 1 1 1 0 0 1 1 1 0
1 1 0 0 1 1 0 1 0 1 0 0 1 0 1 1 0 1 1 1 0 1 0 0 1 1 1 1 0 1 0 1 0 0 0 1 0 0 1 1 0 0 1 1 0 1 1 1 1 1 1 0 1 1 0 1 0 0 0 1 0 0 1 1 1 1 0
1 1 1 0 1 0 1 1 0 1 0 0 0 0 0 1 0 1 1 0 0 1 0 1 1 0 0 0 0 0 1 1 0 1 0 1 0 1 0 1 1 1 0 0 0 1 1 1 0 1 1 0 1 1 0 1 1 1 1 0 1 1 1 1 0 1 1
1 0 0 1 1 0 1 1 1 1 1 1 0 0 1 0 1 0 1 1 0 1 1 1 0 1 1 0 1 1 0 1 0 0 1 0 1 0 0 1 0 1 1 1 0 0 1 1 1 1 0 0 1 0 1 1 0 0 0 0 1 1 0 1 1 0 1
0 1 1 1 0 1 1 0 1 0 0 0 0 1 1 1 0 0 1 0 0 1 0 1 1 0 1 0 1 0 0 1 0 1 1 1 0 1 0 1 1 0 1 1 0 1 1 1 1 0 0 1 1 1 1 0 0 0 0 0 0 0 1 0 0 1 1
0 1 1 0 1 1 1 0 0 1 0 1 1 1 1 1 1 0 0 0 0 0 0 1 0 1 0 1 1 0 1 1 1 1 0 1 1 0 1 1 1 0 0 1 1 1 0 0 1 1 0 0 0 1 1 0 1 0 1 0 1 0 0 0 0 0 1
72 97
1 0 1 1 1 0 1 0 1 1 0 1 0 0 1 0 1 1 0 0 1 0 0 1 1 0 1 0 1 1 0 1 0 0 1 0 0 1 0 1 0 0 0 1 1 1 1 0 1 1 1 1 1 1 0 1 1 1 0 0 0 0 1 1 0 1 0 1 1 0 0 0 0 0 0 0 1 0 0 0 1 0 0 0 1 1 0 0 1 0 1 0 1 1 1 1 1
1 1 1 0 1 1 1 0 0 1 0 0 0 0 0 1 0 1 0 0 0 1 0 0 0 1 1 1 0 0 0 0 0 0 1 0 1 0 0 0 0 1 0 0 0 0 1 1 1 0 1 1 0 1 0 0 1 0 1 1 0 0 1 0 1 0 0 0 1 1 0 0 1 0 1 0 0 1 0 1 0 0 0 0 1 0 1 0 1 0 1 1 1 1 1 1 1
0 1 0 1 0 1 0 1 1 0 1 1 0 0 1 0 0 0 1 0 1 0 1 0 0 1 0 0 0 1 1 0 1 1 0 0 0 0 0 0 0 0 0 1 0 0 0 1 0 0 1 1 0 0 1 0 0 1 1 1 1 1 1 1 1 0 1 0 0 0 0 0 0 0 1 0 0 1 1 0 0 1 1 1 1 1 1 1 1 0 1 1 0 0 0 0 0
1 0 1 0 0 0 1 1 1 1 1 1 0 1 1 0 0 1 1 1 1 0 1 1 1 0 1 0 1 1 1 0 1 0 1 0 1 0 0 1 1 0 1 0 0 0 0 0 0 0 0 0 1 0 1 0 1 0 1 1 1 1 0 1 1 0 0 0 0 0 1 1 1 1 1 0 0 0 1 1 1 1 1 1 1 0 1 1 1 1 1 0 1 0 1 1 0
0 0 0 0 1 0 1 0 1 0 1 0 0 0 0 0 0 0 0 0 1 0 0 1 1 0 0 0 0 0 0 1 0 1 1 0 0 0 1 1 0 0 1 1 1 1 1 0 0 0 1 1 1 0 0 1 0 0 0 1 0 1 1 1 1 0 0 0 0 1 1 1 1 1 0 0 0 1 0 0 0 0 1 1 0 0 1 0 1 0 0 1 1 0 1 1 0
1 1 1 1 0 0 1 0 0 1 0 0 0 0 1 0 0 0 1 1 0 1 0 1 0 0 0 0 0 0 0 1 1 0 1 1 0 1 0 0 1 1 0 1 1 1 0 0 1 0 1 1 1 1 0 1 1 0 1 1 1 0 0 1 1 0 0 1 1 0 0 0 0 0 1 1 1 1 0 1 1 0 0 1 1 1 1 1 1 1 0 0 1 0 0 1 1
1 0 0 0 1 0 0 1 0 0 1 0 1 0 0 0 1 0 1 1 1 0 1 0 0 1 1 0 0 1 1 1 1 1 1 1 0 0 1 0 1 0 0 0 1 1 0 0 0 0 1 1 0 0 0 1 0 1 0 0 0 0 0 0 1 0 0 1 0 1 0 1 0 1 0 1 0 1 1 0 0 0 1 0 0 1 1 0 1 1 1 1 1 0 1 1 0
0 1 0 0 1 1 0 1 0 1 1 0 1 0 0 0 1 1 0 1 0 1 0 0 1 0 1 1 0 0 0 1 0 0 1 0 0 1 0 0 1 0 1 1 0 0 1 1 0 1 1 0 1 0 1 1 0 1 1 0 1 0 0 0 0 1 1 0 0 0 1 0 0 1 1 0 1 1 0 0 1 1 1 1 0 0 0 0 0 0 1 1 1 0 1 1 1
0 1 0 0 1 1 0 0 0 0 1 1 0 1 0 1 1 0 1 0 1 1 0 0 0 1 0 1 0 1 0 0 1 0 1 0 1 0 0 0 1 0 0 1 1 0 1 0 1 1 0 0 1 0 1 0 0 1 0 0 0 0 1 0 0 0 1 0 0 0 0 0 1 0 0 0 1 1 1 1 1 1 0 1 0 1 1 1 1 1 1 1 1 0 0 0 1
0 0 1 1 1 1 1 1 0 1 0 1 0 0 0 1 0 0 0 0 0 0 0 1 1 1 1 0 1 1 1 1 0 1 1 1 1 1 1 1 1 1 0 1 1 1 0 1 1 0 1 1 0 1 0 0 1 1 1 0 1 0 0 1 0 0 1 0 0 0 1 0 1 1 0 1 0 1 0 0 0 1 0 1 0 1 0 1 1 1 0 1 1 1 1 0 0
0 0 0 1 0 1 1 1 0 1 0 0 0 1 1 1 1 0 1 0 0 0 1 1 1 0 1 1 1 1 0 0 1 0 1 0 0 0 0 1 0 1 0 1 0 0 0 0 0 1 0 1 0 1 0 0 0 0 0 0 1 1 1 0 1 0 1 0 1 1 0 0 1 0 1 1 1 0 0 1 1 0 1 1 1 1 1 0 1 0 0 1 0 0 0 0 1
0 0 0 1 0 1 0 1 0 1 0 0 1 0 0 0 0 0 0 0 1 1 1 0 1 1 0 0 1 0 0 1 1 0 0 0 0 0 1 0 0 1 0 1 0 0 0 1 0 1 0 0 1 0 1 1 1 1 1 0 1 0 0 0 1 1 0 0 1 0 1 0 0 0 1 0 1 1 1 1 1 1 1 0 0 1 0 0 1 0 1 0 1 0 1 0 1
1 1 0 0 1 0 1 0 0 1 0 0 1 0 0 1 1 1 1 1 1 0 1 0 0 1 0 1 0 1 1 0 0 0 0 1 0 0 0 0 1 0 1 0 1 0 0 1 0 1 0 0 0 1 1 0 1 1 1 0 0 0 0 1 0 1 0 1 0 1 0 1 1 1 0 0 0 1 0 1 0 1 0 0 1 0 1 0 1 0 1 0 0 0 1 1 1
1 1 1 1 0 0 0 0 0 0 1 0 1 0 1 1 0 0 1 1 1 1 0 0 0 0 0 0 1 1 1 0 0 0 0 1 1 0 0 0 1 0 0 0 1 1 0 1 1 1 0 0 0 1 1 1 1 0 0 0 1 0 0 0 0 1 1 1 0 0 0 1 0 0 1 1 0 1 1 0 0 1 1 0 1 1 1 1 1 0 0 0 0 0 0 0 1
0 1 0 1 1 0 1 1 0 1 1 0 0 1 0 1 0 1 0 0 0 1 0 0 1 0 0 1 0 0 0 1 0 1 1 0 0 0 0 0 0 1 1 0 1 1 1 1 1 1 1 1 1 0 1 0 1 1 1 0 0 1 0 0 1 1 1 1 1 1 0 1 1 0 1 0 0 1 1 1 0 0 0 0 0 1 1 1 0 1 0 1 0 0 1 1 1
0 0 0 0 1 1 1 0 1 0 0 0 1 0 1 1 1 0 1 1 1 0 0 0 0 0 0 0 0 0 0 0 1 0 1 1 1 1 1 0 1 1 0 1 0 1 0 1 0 1 0 0 0 1 1 0 1 1 1 1 0 1 0 1 1 0 1 0 0 1 1 1 1 0 0 1 0 1 0 0 0 1 0 0 1 0 1 0 0 1 0 0 1 1 0 1 1
1 0 0 1 0 0 0 0 0 0 1 0 1 1 1 1 1 1 1 0 0 1 0 0 1 1 1 1 1 0 1 0 1 0 0 1 1 0 1 1 1 0 1 1 1 1 0 0 0 1 1 1 0 1 1 0 0 0 0 1 1 0 0 1 1 1 0 0 0 1 0 0 0 0 1 0 1 0 1 1 0 0 1 1 0 1 0 0 1 0 1 1 0 0 1 0 0
1 0 1 1 0 0 0 0 1 0 0 0 0 1 0 0 0 0 1 1 0 1 1 0 1 1 0 1 0 1 0 0 0 0 0 1 1 1 0 0 1 0 1 1 1 0 1 1 1 0 0 0 1 0 1 1 0 1 0 0 1 1 1 0 0 1 0 1 1 1 1 0 0 1 0 1 0 0 1 1 1 1 1 1 0 0 1 0 0 1 0 0 1 0 1 1 0
1 1 0 0 1 0 0 0 0 1 0 1 0 0 0 1 0 0 0 0 1 1 1 1 1 1 0 1 0 1 1 1 0 0 0 1 1 0 0 1 1 1 0 1 0 0 1 1 1 1 0 1 1 0 0 1 1 1 0 1 1 0 1 1 1 0 1 0 1 0 0 1 1 0 1 1 0 0 0 1 0 0 0 1 0 1 1 1 0 1 0 0 0 0 1 1 1
1 1 1 0 0 0 0 0 1 1 1 1 0 1 0 1 0 1 0 1 1 0 0 0 1 1 0 0 1 0 1 0 1 0 0 0 1 1 1 0 1 0 1 0 1 0 1 1 1 0 0 1 1 1 0 1 0 0 0 0 0 1 1 0 1 0 1 0 0 0 0 0 0 0 1 1 0 0 1 1 1 1 1 0 0 1 0 0 0 0 0 0 1 0 1 0 1
1 0 0 0 0 0 0 1 1 1 0 0 1 1 0 0 0 1 0 1 1 0 1 0 1 1 0 1 0 0 0 0 1 1 0 0 1 1 1 0 1 0 1 0 0 1 1 1 0 1 1 0 0 0 1 1 0 1 0 0 1 0 0 1 0 1 1 1 0 0 1 0 1 0 0 0 0 1 1 0 0 1 0 0 0 0 0 1 0 1 0 0 0 0 0 1 1
0 1 0 1 1 0 1 0 1 1 1 0 0 1 0 0 0 1 0 1 0 0 1 1 1 0 0 0 1 1 1 1 0 0 0 0 1 1 0 1 1 0 1 0 0 0 1 1 1 0 1 0 0 0 1 0 1 0 1 1 1 0 0 1 1 1 0 1 0 0 0 0 0 1 0 0 0 1 0 0 1 0 0 0 0 0 0 1 1 1 1 0 1 1 1 1 1
0 0 1 1 1 0 1 0 0 1 0 1 0 0 1 1 0 0 0 1 1 0 1 1 0 0 0 0 0 1 1 0 1 1 0 0 1 1 1 1 1 1 0 0 1 0 1 1 0 0 0 1 1 0 1 1 1 1 1 1 1 0 0 0 1 0 0 0 0 1 1 1 1 1 0 0 1 1 1 1 0 1 0 1 0 1 1 1 0 0 0 1 1 1 1 1 1
0 0 1 0 1 0 0 1 0 0 1 1 0 1 1 1 0 0 0 1 0 1 0 0 0 0 0 1 1 0 0 1 0 1 1 0 1 0 1 1 0 0 0 0 0 0 0 1 1 0 1 0 0 0 0 1 0 1 1 1 1 0 1 1 1 1 0 0 0 0 0 1 1 0 1 0 1 1 0 0 1 0 1 0 0 1 1 1 1 0 0 1 0 0 0 0 0
1 0 1 0 1 1 0 0 1 1 1 0 0 1 0 1 0 0 1 1 1 1 1 0 0 1 1 1 0 1 0 1 0 0 1 0 1 0 0 1 0 0 1 1 1 1 0 0 0 1 1 1 1 0 1 1 1 0 1 1 1 0 1 1 0 1 0 1 0 1 1 1 0 1 0 0 1 0 1 1 0 1 1 1 1 0 1 1 1 1 0 0 0 1 1 0 1
1 1 1 1 0 1 1 1 1 0 0 1 0 1 0 1 0 1 0 1 1 0 0 1 0 1 1 1 0 1 0 0 1 0 1 1 1 1 1 1 0 1 0 0 0 0 0 0 1 1 1 0 1 0 1 0 1 0 0 1 0 1 0 0 1 0 1 0 1 0 1 1 1 0 0 0 0 0 1 0 0 1 1 1 1 0 0 1 0 1 1 1 1 1 1 0 1
1 0 0 0 0 0 0 0 0 0 1 1 0 0 1 1 0 1 0 1 0 0 0 0 1 1 1 0 1 1 1 1 1 0 1 1 1 0 0 1 1 1 1 0 1 1 1 0 1 0 0 0 0 0 1 1 0 1 0 1 1 0 1 1 1 0 1 0 1 0 0 1 1 1 0 1 0 1 1 1 0 1 0 1 1 1 0 0 0 1 0 1 0 1 0 1 1
1 1 0 1 1 1 0 1 1 0 0 0 1 0 1 1 0 1 0 1 0 1 0 0 1 0 0 1 0 1 0 1 0 0 0 0 1 1 0 1 0 1 1 0 0 0 0 0 0 1 1 1 1 0 1 0 0 1 1 1 0 1 0 0 0 0 0 0 0 1 1 1 1 1 0 1 1 0 1 0 1 0 1 1 1 1 1 1 0 1 0 0 0 1 0 0 1
1 1 1 0 0 1 0 1 0 0 0 0 1 1 0 1 1 1 1 1 0 1 1 0 1 0 0 1 1 1 1 0 1 1 1 1 0 1 0 1 1 0 0 0 0 0 0 1 1 1 0 0 1 0 0 1 1 1 0 0 1 1 0 1 1 0 0 0 0 1 1 0 1 0 1 1 1 0 0 0 1 0 0 1 1 0 1 0 0 0 0 0 1 0 1 1 1
1 1 0 1 0 0 0 1 1 1 1 0 1 0 0 1 0 1 1 1 0 0 0 1 1 0 0 1 1 1 0 1 0 1 1 1 0 1 0 1 1 1 1 0 1 1 0 1 1 0 1 0 0 1 0 0 0 1 1 1 1 0 1 0 1 0 0 0 0 1 1 0 0 1 0 0 1 1 0 0 1 1 0 0 0 1 1 0 1 1 1 0 0 0 1 1 0
0 1 1 0 0 0 0 0 1 1 1 0 0 1 1 0 0 1 1 0 0 0 0 0 1 1 1 1 0 0 0 1 0 0 1 0 0 0 1 1 0 1 1 0 1 1 1 0 0 0 0 0 0 1 0 0 1 1 1 0 0 1 1 1 0 1 1 1 0 0 1 0 0 0 1 0 0 1 1 0 1 0 0 0 0 1 1 0 1 1 0 1 1 0 1 0 0
1 0 1 0 1 1 1 1 0 0 0 0 0 1 0 0 0 0 1 1 0 0 0 0 1 0 0 1 0 0 1 1 0 0 1 0 0 1 1 0 1 0 0 1 0 1 1 1 1 0 1 1 0 1 1 0 1 0 1 0 1 0 0 1 1 1 1 1 0 1 1 0 0 1 0 1 1 0 0 0 0 1 1 0 0 0 1 1 0 1 0 1 0 1 0 1 0
0 0 0 1 0 1 1 1 0 1 1 0 1 1 0 0 0 0 0 1 0 0 0 0 0 1 0 0 0 1 1 0 0 0 1 0 1 1 1 0 0 1 1 1 0 0 1 0 1 0 1 1 0 0 0 0 0 0 1 0 0 1 1 0 1 1 0 0 0 1 0 1 1 1 0 1 0 1 0 1 1 1 0 1 1 1 1 1 1 0 1 1 1 0 0 1 0
1 1 0 0 1 0 1 0 1 0 1 0 0 1 1 0 1 0 1 0 1 1 1 1 1 0 1 1 1 0 0 0 0 0 1 0 0 0 0 0 0 1 0 0 0 0 1 0 0 1 1 1 1 0 0 1 1 0 1 0 0 1 0 1 1 0 1 0 1 1 1 0 0 0 1 0 0 0 1 0 1 1 0 0 1 0 1 0 0 0 1 1 0 0 0 0 0
0 1 0 0 1 0 0 1 1 1 1 0 1 1 0 0 1 1 0 0 0 1 0 0 0 0 0 0 0 0 1 0 0 1 1 0 0 0 0 1 0 1 1 1 1 0 0 1 1 1 0 1 1 0 0 1 1 0 1 0 0 1 1 1 0 0 0 1 1 0 1 0 0 0 0 1 1 1 0 1 1 1 0 0 1 0 1 1 1 0 1 0 0 1 1 0 0
0 0 1 0 1 0 1 0 0 0 0 1 0 1 0 0 1 1 1 0 0 1 1 0 1 1 0 0 0 1 1 1 0 0 0 1 0 0 0 0 0 0 0 1 0 0 0 1 1 0 0 0 0 0 1 1 1 1 0 0 1 0 0 0 1 0 0 1 0 1 0 0 1 0 0 0 1 1 1 1 0 1 1 0 1 1 0 0 1 0 1 0 1 1 1 1 0
0 0 0 0 0 1 0 0 1 0 0 0 1 0 1 0 1 1 1 0 1 0 0 1 0 0 1 0 0 1 0 0 1 0 1 0 1 0 0 0 0 1 0 1 1 1 0 0 0 0 1 0 1 0 1 0 0 1 1 0 1 0 1 1 0 1 0 1 1 1 1 0 0 1 0 1 1 0 1 1 1 0 0 0 0 0 1 0 1 1 0 0 0 1 1 0 1
0 1 0 1 1 0 1 1 1 0 1 0 0 1 0 1 0 0 0 0 1 1 0 1 0 0 0 1 1 0 1 1 1 1 0 1 0 1 0 1 1 1 1 0 1 1 0 0 0 0 1 1 1 1 1 1 0 0 1 1 0 0 1 1 0 0 0 0 1 0 0 0 1 1 0 0 1 1 1 1 0 0 1 0 1 1 0 0 1 0 0 1 0 0 0 1 1
0 1 0 0 1 1 0 0 0 0 1 0 1 0 1 0 0 0 0 1 0 0 0 1 0 0 0 1 1 0 0 0 0 0 0 0 1 0 1 1 1 0 1 0 1 1 0 1 1 1 1 0 0 1 0 0 1 0 1 1 1 1 1 0 0 0 1 1 1 0 0 0 1 0 1 0 0 1 0 1 0 0 0 0 1 0 1 1 0 1 0 1 0 0 0 0 0
0 1 0 1 0 0 0 0 1 0 1 0 0 1 0 1 1 0 1 0 1 1 0 1 0 1 0 1 1 0 0 1 0 1 0 1 1 0 1 0 0 0 1 1 1 0 1 0 0 1 1 1 1 1 0 0 1 0 0 0 0 0 1 1 1 0 0 1 1 0 1 1 0 1 1 0 1 1 0 1 0 0 0 1 0 1 0 0 1 0 0 1 0 0 1 1 0
0 1 1 1 1 0 1 0 0 1 0 1 0 1 0 1 0 1 0 1 0 0 1 0 0 0 0 1 0 0 1 0 0 1 0 1 1 0 1 1 0 1 1 0 0 0 1 0 1 1 0 1 1 0 1 0 1 0 0 0 1 0 1 0 1 1 1 0 1 1 0 0 0 1 1 0 0 1 0 1 0 0 0 0 0 1 0 0 1 0 0 0 0 1 0 0 1
1 0 0 0 1 0 1 1 1 1 0 0 1 1 1 0 1 0 1 0 0 1 1 0 0 1 0 0 0 0 1 1 1 1 0 0 0 1 1 1 1 1 1 0 1 0 1 1 0 1 0 0 1 1 1 1 1 0 1 1 1 0 1 1 1 1 1 0 0 1 1 0 1 1 0 1 1 1 0 1 1 1 0 0 1 0 0 1 1 0 1 1 1 0 1 0 1
0 0 0 0 1 0 1 0 1 0 0 0 1 1 1 0 0 1 0 0 0 1 0 1 0 1 0 1 0 1 1 1 0 0 1 0 0 1 1 0 0 0 0 0 1 0 0 1 1 0 1 0 1 0 1 0 1 0 0 1 1 0 0 1 0 1 0 0 0 1 0 1 1 1 0 1 1 0 1 0 0 0 0 1 0 0 1 0 0 1 1 1 1 1 0 1 0
0 1 0 1 1 1 1 0 0 0 1 1 1 0 0 1 0 0 1 0 0 1 1 1 0 1 1 0 1 1 1 1 0 1 0 1 1 1 0 1 0 0 0 0 0 0 1 1 1 0 0 1 1 1 1 0 1 0 1 1 1 0 0 1 0 1 0 1 0 0 0 0 1 1 0 0 1 0 0 0 1 0 0 1 0 1 0 0 0 0 0 0 1 0 0 0 1
1 0 0 0 1 1 0 0 0 0 1 1 0 0 0 1 0 0 0 0 0 1 1 1 0 1 1 0 1 1 1 0 0 1 1 1 1 0 0 0 0 0 0 1 1 1 0 1 1 0 1 0 1 1 1 1 1 0 1 0 0 1 0 0 0 1 1 0 0 1 0 0 1 1 1 1 1 1 0 0 0 1 0 0 1 0 1 0 0 0 0 1 0 0 1 0 0
0 1 0 1 1 0 1 1 0 0 0 0 1 1 0 1 0 1 1 0 1 0 1 1 1 1 0 1 0 1 1 1 0 0 1 0 0 0 0 0 1 0 0 1 0 1 0 1 1 1 0 1 0 0 0 1 1 0 0 0 1 1 1 1 1 1 1 0 1 0 0 0 0 1 0 0 0 0 1 1 0 0 0 0 1 0 1 0 0 1 1 0 0 1 1 1 1
1 1 0 0 1 1 1 1 0 0 1 0 1 1 1 1 1 0 0 0 1 1 0 0 1 1 1 1 1 0 0 0 0 1 0 1 0 0 1 0 1 1 0 0 0 1 0 0 0 1 0 1 0 1 1 0 0 1 0 0 1 1 0 0 0 0 1 1 1 1 0 0 0 0 0 0 0 1 1 0 1 0 0 1 1 1 0 0 1 0 1 1 1 1 1 0 1
0 1 0 0 0 0 1 0 0 0 0 1 0 0 1 1 0 1 0 1 1 1 1 0 0 1 0 0 1 1 0 0 1 1 1 0 0 0 1 1 0 1 0 1 0 1 1 0 0 1 1 0 0 0 0 1 0 1 1 1 0 0 1 0 0 0 1 1 0 1 0 1 1 1 0 1 0 1 0 1 0 1 1 0 0 0 1 1 1 1 0 0 1 0 0 1 0
0 0 1 0 0 0 1 0 0 0 1 1 1 0 0 1 0 0 0 0 0 0 0 0 0 1 1 1 1 1 1 1 0 0 1 0 1 1 0 1 1 0 1 0 0 1 1 0 0 0 0 1 0 1 0 0 0 1 0 0 1 0 0 1 1 1 1 1 0 1 1 1 1 1 0 0 1 1 1 0 0 1 0 0 1 0 0 1 0 0 0 1 0 0 1 1 1
1 0 1 0 0 1 1 0 1 0 1 0 0 0 0 1 1 1 0 0 0 0 1 1 1 0 1 0 1 0 1 1 0 0 1 0 0 1 0 1 0 1 0 1 0 0 1 1 0 1 0 1 0 0 1 1 1 0 1 1 0 1 0 0 0 1 1 0 1 0 1 1 0 0 1 1 0 0 0 1 0 0 1 0 0 1 1 1 0 0 0 1 1 1 1 0 0
0 1 1 0 1 1 0 1 1 1 1 0 1 1 0 0 1 1 0 1 0 0 0 0 0 0 1 1 1 1 0 0 1 1 0 1 1 1 1 1 1 0 1 1 0 1 0 0 0 1 0 1 1 1 0 0 0 0 0 0 1 1 1 0 0 1 0 0 0 1 1 0 0 1 0 0 0 1 1 0 0 0 1 0 0 1 0 1 1 0 1 0 1 1 1 0 0
0 1 1 0 0 0 1 0 1 1 0 0 0 0 0 1 1 0 0 1 1 1 1 0 1 0 1 0 0 0 0 1 1 1 0 1 1 1 0 0 0 0 0 1 1 0 0 1 1 1 1 0 0 1 1 1 1 1 1 0 0 1 0 1 1 1 0 0 1 1 0 0 1 0 0 0 1 0 0 1 1 0 0 1 1 0 1 0 1 1 1 1 0 1 0 1 0
0 0 0 1 0 1 1 0 0 1 0 1 0 0 1 0 0 1 0 0 1 1 0 0 1 1 1 0 1 0 1 1 1 0 1 0 0 0 1 0 0 1 1 0 0 1 1 1 0 1 0 0 1 1 1 1 1 0 1 1 1 1 0 1 0 1 1 1 0 1 0 1 0 1 1 1 0 1 0 1 0 1 0 0 1 1 1 1 0 1 0 0 1 1 1 1 0
1 0 1 1 1 1 0 1 1 0 0 1 1 1 0 1 1 1 1 0 1 1 0 1 0 0 0 1 1 1 0 1 0 0 1 0 0 0 0 0 0 1 0 1 0 0 1 0 1 1 0 0 1 1 1 0 1 1 0 1 0 0 0 0 0 0 1 1 1 1 0 0 0 0 0 0 0 1 1 1 1 0 0 1 0 0 1 0 0 1 0 1 0 1 0 0 1
1 0 0 0 1 1 0 0 1 1 1 1 0 1 1 1 1 0 0 0 0 1 0 1 1 1 1 1 1 0 1 1 1 1 1 0 0 1 0 0 0 0 0 0 1 0 1 0 1 1 0 0 1 1 0 1 1 0 1 0 0 1 0 1 0 1 0 1 0 1 0 1 1 0 0 0 1 1 1 1 1 1 1 1 0 1 1 0 1 0 1 1 0 1 1 1 1
1 1 1 0 1 1 1 1 0 0 1 1 1 0 0 1 1 0 0 1 1 0 1 0 0 0 1 0 1 1 0 0 0 0 0 0 0 0 1 1 0 0 0 1 0 0 0 1 1 0 0 0 1 1 0 1 1 1 0 0 0 1 1 1 1 1 0 1 0 1 1 0 1 1 1 1 1 0 1 1 1 1 1 0 0 0 0 0 0 1 1 0 0 1 0 1 0
0 0 1 0 1 1 0 0 0 0 1 1 1 1 1 0 0 0 0 0 0 1 1 0 0 0 1 0 0 1 0 0 1 1 0 1 1 1 1 0 0 1 0 1 1 0 0 1 0 0 0 0 0 0 0 0 0 1 0 0 1 1 1 1 0 1 1 1 1 1 0 0 1 0 1 0 1 1 1 0 1 1 0 0 1 1 1 0 0 0 0 1 0 1 0 1 1
1 0 1 0 0 1 1 1 1 0 1 0 0 1 0 1 0 0 0 1 1 0 1 1 1 1 1 0 1 1 1 1 1 0 1 1 1 0 0 1 0 1 1 0 0 1 1 1 1 0 0 1 0 1 0 0 1 1 1 0 0 1 0 1 1 1 0 0 0 0 1 0 0 0 0 1 1 1 0 0 0 1 0 0 1 0 0 1 0 0 0 0 0 0 0 1 1
1 0 1 0 1 1 1 1 0 1 1 0 1 1 1 1 0 1 0 0 1 0 1 1 0 1 0 1 1 1 0 1 1 0 1 1 0 0 0 0 1 0 0 1 1 1 1 0 1 0 0 1 0 1 1 1 0 1 1 1 0 0 1 1 1 1 1 1 1 1 1 0 1 0 0 0 0 1 0 0 0 0 0 0 1 0 1 0 0 1 0 0 1 1 0 0 1
0 0 0 0 0 0 1 1 1 1 1 1 0 0 1 1 1 1 1 0 0 0 0 0 0 0 0 1 1 0 0 0 0 1 0 0 0 1 1 0 0 1 0 0 1 0 0 1 0 0 0 0 1 0 0 0 0 0 1 0 1 1 0 0 1 0 0 1 0 0 1 0 0 0 0 1 0 1 0 1 0 1 1 0 0 1 1 1 0 0 1 0 0 0 1 1 0
1 0 1 0 0 0 1 1 1 1 1 0 1 1 1 0 0 1 1 1 0 1 1 1 0 1 1 1 0 1 0 1 1 1 1 1 0 0 0 0 1 0 0 1 1 1 1 1 0 0 1 0 1 1 0 0 1 1 0 1 1 0 1 1 1 0 1 1 1 0 1 1 1 1 0 1 0 0 1 1 0 0 0 0 0 1 1 0 0 0 0 1 0 1 1 0 1
1 1 1 1 0 0 1 1 1 1 1 0 0 1 1 1 1 1 0 1 1 1 0 1 1 1 1 0 1 0 1 0 0 0 1 1 0 1 0 1 0 0 0 0 0 0 1 0 1 0 0 1 1 0 1 1 0 1 0 1 0 0 1 1 1 1 0 1 0 1 1 0 0 0 0 1 1 1 0 1 0 1 1 1 1 0 1 1 1 0 0 0 1 0 0 0 0
0 1 0 0 0 1 1 0 1 1 1 1 0 0 0 0 1 1 1 1 0 1 1 1 1 1 1 0 0 1 0 1 1 1 1 0 0 1 1 0 1 0 0 1 1 0 0 1 1 1 0 1 0 0 0 0 1 0 1 1 1 0 0 0 0 1 0 0 1 0 1 1 0 1 1 1 1 1 0 0 1 1 1 1 0 1 1 1 0 0 1 0 1 0 0 0 1
1 0 1 1 0 1 1 1 1 1 1 0 0 0 1 1 0 0 1 0 1 0 0 0 1 1 1 0 1 1 1 0 0 1 1 1 0 1 1 0 0 1 1 0 0 1 1 1 1 0 0 1 1 1 0 1 1 0 0 1 0 1 1 1 0 0 1 0 0 0 1 1 0 0 0 0 1 0 1 1 0 1 0 0 0 1 1 0 1 0 1 0 0 1 0 1 0
0 0 1 0 1 1 1 0 0 0 0 0 0 1 0 0 0 1 1 1 1 1 1 1 0 0 1 0 0 0 1 0 1 0 0 1 0 1 1 1 1 0 1 0 1 1 1 1 0 1 0 1 0 0 0 0 1 0 1 1 0 1 0 1 0 1 1 0 0 1 1 1 0 0 1 0 1 0 0 0 1 0 1 0 0 1 0 0 0 1 0 0 0 1 0 0 0
0 1 1 1 0 1 0 0 1 0 0 1 1 1 1 0 1 1 1 0 0 0 1 1 1 0 1 0 1 0 1 1 0 0 0 0 0 0 1 1 1 1 0 0 0 1 1 0 1 1 1 1 0 0 1 0 0 0 1 1 1 0 1 0 1 0 0 0 0 0 0 0 0 0 0 1 0 0 1 1 0 1 1 1 1 0 0 1 0 0 0 0 0 0 0 0 0
0 0 1 0 1 0 0 0 1 0 0 1 0 0 1 1 1 0 1 0 1 1 0 1 1 0 1 1 1 1 1 1 0 0 0 1 1 0 1 1 1 1 1 1 0 1 1 0 1 1 1 1 1 1 1 1 1 0 1 0 1 0 1 0 1 1 0 1 1 1 0 0 1 1 1 0 0 1 0 1 1 1 0 0 0 0 1 1 0 1 1 1 0 0 1 1 1
1 0 0 0 0 0 1 1 1 1 0 0 1 1 0 0 0 1 0 0 1 1 1 1 1 1 1 0 0 0 0 0 0 0 1 0 0 1 1 1 1 0 1 1 1 1 1 1 1 0 0 0 0 0 0 0 0 0 1 0 1 1 1 1 0 0 0 1 0 1 0 1 1 1 0 1 0 0 0 0 0 1 0 0 1 0 0 0 1 1 1 1 0 1 0 0 0
1 0 1 0 1 1 1 0 0 1 1 1 0 0 1 0 1 1 0 0 0 0 1 0 0 0 1 1 0 1 0 0 0 1 1 1 0 0 0 1 1 1 1 1 0 1 1 1 0 1 0 1 0 0 1 0 0 0 0 1 0 1 1 1 1 0 0 0 1 0 1 0 1 1 1 1 1 0 0 1 0 0 0 1 0 1 1 0 1 1 0 0 0 0 1 1 1
1 1 0 1 1 0 1 1 1 0 0 1 0 0 0 1 0 1 0 0 1 1 1 0 1 0 0 1 0 1 1 1 0 1 0 0 0 1 1 1 1 0 1 1 1 0 1 0 1 0 0 1 1 1 0 0 0 1 0 1 1 1 0 1 1 1 1 0 1 0 0 0 1 0 0 0 1 0 0 0 1 0 1 1 1 0 0 1 0 0 1 1 1 1 1 0 0
0 0 0 1 0 1 1 1 0 0 0 0 1 1 1 0 1 0 0 0 0 0 0 1 0 0 0 0 0 1 1 0 1 1 1 0 0 1 0 0 0 1 0 0 1 0 1 0 1 0 1 0 1 1 1 1 0 0 0 0 0 1 0 1 1 1 1 1 0 1 1 1 1 1 1 0 0 0 0 0 1 0 1 1 0 1 1 1 1 1 1 0 1 0 0 0 0
0 1 1 0 0 1 0 1 1 1 0 1 0 0 0 1 1 0 1 1 1 1 1 0 1 0 0 0 0 1 1 0 1 0 1 0 0 0 0 0 0 0 1 0 1 0 1 1 1 1 0 1 0 1 1 0 1 1 0 1 0 0 1 1 0 0 0 0 0 0 1 1 0 1 1 1 0 1 0 0 0 1 1 0 1 0 1 1 1 0 0 1 0 0 0 0 0
0 0
