 1 3 4

2 1 5 3 4

5 2 1 6 8 9 10 7 3 4

6 76 45 41 26 3 50 5 10 19 43 39 74 2 15 73 7 46 16 11 8 13 59 17 65 54 44 48 77 53 58 56 60 75 1 37 32 49 61 69 68 57 55 70 67 31 18 47 42 25 66 71 4 12 14 29 64 22 20 34 28 24 72 35 23 33 38 27 51 52 40 30 63 36 62 21 9

13 119 182 141 162 169 140 180 116 68 103 156 128 106 101 157 184 23 35 114 166 11 18 155 21 107 34 39 43 100 110 148 41 188 12 46 139 161 8 165 29 154 124 25 108 14 113 97 191 175 95 24 178 36 136 138 33 7 82 170 183 147 145 146 153 131 125 160 9 17 27 190 181 167 149 112 105 123 118 120 16 177 32 164 98 171 30 40 137 133 15 159 42 90 117 158 38 104 189 168 144 152 6 88 1 20 127 130 2 3 19 28 37 48 59 102 179 121 172 129 111 122 193 134 31 45 163 89 115 150 56 187 5 63 132 81 10 52 126 80 176 57 4 22 75 109 142 135 173 70 185 50 65 79 55 64 87 26 186 72 94 49 86 83 44 192 60 73 67 91 174 85 96 69 84 78 99 62 74 77 53 71 66 143 76 51 151 93 92 58 54 61 47

29 969 904 659 641 510 820 503 852 872 612 763 917 938 980 600 966 506 537 941 850 504 610 638 720 25 823 1 19 516 892 942 752 985 18 53 237 946 825 777 197 509 998 622 8 98 835 501 732 888 861 821 576 837 856 930 7 88 730 545 589 632 734 991 834 594 967 853 31 34 63 66 67 90 102 149 373 815 781 878 626 749 109 674 907 522 4 219 415 973 717 534 753 761 986 727 513 642 728 895 894 928 860 32 64 70 103 111 140 224 377 479 737 862 604 971 832 652 575 526 1000 684 667 521 816 555 628 50 97 216 222 846 755 901 708 595 3 132 233 243 857 640 723 839 630 898 22 54 71 180 694 926 974 906 85 208 543 527 855 813 849 959 646 692 995 701 902 783 602 14 48 83 91 99 114 138 183 245 324 685 647 972 658 873 616 529 877 560 800 514 691 707 793 772 5 126 184 745 718 193 194 207 241 606 921 881 923 970 688 47 78 136 209 420 603 634 162 246 590 788 792 704 687 557 564 858 981 958 608 879 867 880 918 61 82 195 232 635 681 993 945 818 40 119 206 244 896 735 762 654 227 655 709 520 540 620 756 950 954 563 988 38 105 113 151 164 168 178 185 199 200 202 214 215 249 291 774 960 911 559 532 775 562 890 580 581 764 744 68 182 188 229 274 633 546 885 508 672 795 932 937 596 710 939 204 841 726 533 673 811 621 80 181 561 961 507 999 536 686 891 994 37 118 221 599 663 874 801 20 24 173 174 187 218 223 89 137 989 779 523 625 714 665 824 751 796 582 572 962 578 679 586 766 515 713 865 893 949 12 16 23 28 39 45 77 79 84 86 100 107 110 117 120 128 129 146 165 196 198 201 210 250 267 342 571 617 695 605 660 933 551 702 733 866 558 794 767 934 765 677 826 919 553 502 699 542 840 30 35 51 59 125 131 163 190 776 2 240 248 897 548 843 10 135 205 697 909 869 965 544 236 451 871 975 519 671 517 127 158 845 920 541 851 297 423 549 65 95 220 242 587 611 883 631 940 983 144 211 842 539 990 914 868 17 58 116 133 143 472 705 829 568 736 740 780 905 875 915 963 900 230 234 656 859 870 789 598 676 807 597 757 525 675 876 493 565 931 935 847 577 52 60 101 115 130 155 160 189 213 238 365 492 609 790 817 741 833 925 689 996 239 285 421 627 556 639 669 42 56 62 191 957 682 601 814 944 696 592 583 848 722 668 802 231 725 812 666 715 6 161 984 585 721 607 651 636 489 809 899 629 742 771 437 670 787 786 9 11 33 76 81 92 124 186 228 331 351 444 739 831 773 664 650 680 797 864 478 716 256 369 419 822 72 192 729 768 743 770 15 157 171 268 947 916 758 336 698 613 552 703 623 908 791 700 951 943 26 49 147 978 976 349 784 649 805 819 43 176 226 838 929 804 637 827 286 836 886 712 528 927 272 913 518 778 524 21 112 123 134 235 345 405 465 486 643 269 782 574 412 936 889 361 41 55 156 159 270 531 953 964 570 554 863 212 217 225 295 769 759 255 301 480 997 319 661 830 955 27 36 75 96 177 391 441 662 693 310 278 378 329 884 289 724 316 706 910 106 108 141 152 166 175 311 481 584 538 429 614 854 294 387 439 368 748 445 46 73 93 145 154 251 263 320 505 550 619 799 678 719 453 498 409 952 948 956 309 390 403 497 254 615 982 322 335 252 731 389 393 13 122 169 170 253 283 307 355 418 467 477 653 711 785 760 374 547 281 535 487 618 428 332 588 657 808 457 447 579 293 624 463 74 172 567 530 271 398 371 449 383 410 375 452 810 300 354 266 346 511 57 94 142 203 356 446 483 328 440 317 333 277 683 573 406 414 400 404 87 104 121 150 179 247 288 341 462 485 828 384 381 448 416 798 388 690 259 924 44 69 139 148 153 258 282 385 315 912 496 298 334 413 466 305 362 364 591 417 460 376 380 366 738 424 754 344 306 363 979 382 747 314 887 264 337 402 475 476 352 284 350 455 512 474 304 327 992 407 411 427 458 436 330 325 644 312 308 280 450 433 399 275 430 454 750 395 408 464 260 338 360 593 339 290 279 495 471 469 299 491 490 261 394 401 265 422 432 903 500 347 379 303 488 645 318 370 803 484 296 438 372 806 459 276 431 443 566 569 313 340 343 425 746 442 326 968 468 367 435 922 434 357 482 321 273 302 358 977 470 386 397 461 392 882 292 426 456 262 348 287 257 353 396 494 473 359 844 323 648 167 499 987
