6

4
3 4
1 1000
2 2
5 5

5
3 4
1 1000
8 8
2 2
5 6

10
1 3
2 7
83 6
45 1
78 1000
82 66
428 108
517 310
571 323
1000 477

77
4 3
4 9
1 5
6 2
3 10
7 1000
5 9
5 7
1000 7
3 10
6 9
6 2
5 7
6 2
4 9
4 7
4 5
10 4
3 9
24 4
97 1
47 10
59 5
47 7
13 5
1 9
56 4
53 8
24 7
65 2
14 6
7 5
37 3
38 6
42 5
72 1
11 8
78 6
29 77
59 2
10 96
79 31
32 93
65 75
4 43
22 39
10 4
67 73
91 65
24 82
38 2
38 2
56 59
22 26
88 50
93 87
94 57
598 622
600 832
826 772
499 352
591 7
888 14
994 254
829 1000
983 368
710 347
639 408
265 186
341 169
854 295
964 133
111 201
298 765
986 872
7 385
879 939

193
9 5
8 4
2 1
5 1
6 2
7 4
9 10
2 4
9 9
7 2
2 9
4 9
2 1000
5 8
7 5
6 5
5 5
2 9
6 3
9 5
2 7
5 1
2 10
4 5
3 5
8 1
8 8
6 3
5 9
4 3
5 2
10 8
8 9
2 6
1 5
6 7
8 4
8 5
3 9
4 3
3 7
9 6
3 9
10 1
5 2
4 9
1000 9
4 2
79 9
60 10
81 3
21 6
80 4
42 1
65 9
17 6
19 4
72 2
18 9
82 8
87 1
87 6
22 7
29 4
48 7
21 1
22 2
1 9
27 2
47 8
40 2
68 8
84 8
75 5
50 10
94 4
36 2
97 7
62 9
23 5
10 3
9 10
58 6
68 5
52 4
46 5
52 7
16 9
26 10
12 8
91 8
71 2
61 2
86 10
7 9
13 1
53 81
36 28
85 6
30 86
14 81
89 44
12 100
56 35
29 28
13 86
28 85
33 54
70 14
22 62
75 32
59 57
62 97
14 70
37 14
6 87
15 10
99 90
3 85
20 18
69 33
75 32
94 86
28 48
97 99
56 15
58 30
11 76
80 35
69 35
91 93
41 13
45 33
69 28
60 11
67 78
27 20
42 48
39 82
4 72
3 75
84 16
65 3
65 38
925 995
907 975
891 960
368 1000
454 440
943 352
843 28
982 563
467 484
151 262
138 581
85 698
94 543
344 224
939 663
386 387
420 853
6 113
969 387
163 127
59 113
170 806
722 713
997 586
22 411
831 914
896 682
1000 469
521 91
830 64
298 406
782 167
610 499
429 502
748 364
37 538
790 784
36 964
746 806
79 451
1000 170
777 96
935 318
407 939
616 381
879 877
615 840
835 83
354 150

1000
1 9
9 8
4 10
3 10
5 9
9 5
1 5
1 6
6 3
8 7
8 4
7 7
6 1
3 6
7 3
10 10
8 6
1 8
1 9
8 9
9 3
3 7
2 2
8 9
1 10
10 4
4 1
4 4
3 1000
10 9
2 8
1 3
8 4
2 8
10 9
4 1
7 8
3 4
8 8
7 10
10 3
5 3
8 3
10 1
9 9
5 1
3 5
4 8
10 4
3 8
10 9
9 6
1 8
3 7
10 3
10 6
8 1
8 6
10 9
9 6
2 3
10 6
1 4
1 3
10 8
2 8
1 4
4 5
10 1
2 6
3 7
9 4
5 1
7 1
4 1
6 3
3 3
6 10
4 4
6 7
6 3
4 6
5 10
1 1
4 9
9 9
9 1
2 10
9 10
2 8
4 8
2 1
10 2
8 1
5 4
8 2
3 8
1 6
4 8
9 9
9 6
1 4
3 9
9 1
3 4
9 2
5 5
9 2
2 7
8 8
3 9
6 2
6 8
3 6
9 6
8 6
2 2
7 8
7 10
1 1
9 1
6 1
3 1
6 3
10 9
5 9
6 5
1 1
7 7
3 2
10 9
2 5
4 3
6 2
8 7
6 10
9 10
1 2
10 1
3 9
9 2
8 1
4 3
9 7
5 1
8 8
10 4
10 1
2 8
9 1
6 8
9 2
10 1
10 2
6 4
10 3
7 3
6 5
10 3
9 6
9 5
5 8
10 9
6 8
1 1
9 2
1000 10
6 8
6 1
6 1
7 3
7 1
8 9
8 9
9 2
8 3
8 2
6 8
9 1
3 7
6 7
4 5
1 2
5 9
3 4
8 4
8 9
8 10
6 4
10 9
10 6
9 4
4 7
4 7
2 3
7 7
1 7
7 7
6 8
6 8
6 6
3 4
8 1
5 6
8 7
7 10
4 7
4 9
6 10
9 9
9 7
7 2
9 6
3 4
3 4
3 8
7 2
8 9
3 10
5 4
7 8
3 8
8 9
2 6
7 2
8 3
5 7
8 4
8 10
7 5
7 4
2 3
4 10
7 5
6 2
7 6
1 8
6 4
8 5
9 8
4 7
10 8
2 5
7 10
2 4
5 8
9 1
9 8
3 4
3 3
30 6
40 7
48 8
55 10
25 7
13 6
68 1
80 8
89 9
17 1
39 2
98 2
25 5
50 4
20 1
39 5
4 4
7 3
31 10
30 9
58 8
26 9
78 2
4 5
65 4
51 2
75 9
25 6
36 2
91 6
50 8
30 3
30 5
13 1
16 10
25 9
66 1
63 7
39 9
70 4
6 8
45 1
41 6
43 9
21 6
70 3
11 9
84 8
77 4
70 9
25 7
39 1
86 4
41 3
88 8
60 5
24 4
44 3
43 8
41 10
9 2
100 7
29 1
87 7
81 8
40 9
74 9
45 2
34 9
5 1
37 1
51 9
94 1
4 8
71 5
61 2
41 3
82 10
43 10
85 6
14 7
39 6
33 4
32 3
57 10
19 8
25 2
34 2
86 5
58 2
27 3
6 6
87 3
47 4
6 2
78 10
82 4
65 1
21 8
78 6
10 5
77 6
81 1
70 9
24 4
8 1
72 2
78 2
91 1
34 2
23 7
33 3
49 4
55 5
12 8
45 4
64 2
39 8
22 10
68 3
73 10
47 2
2 8
31 5
31 4
89 8
2 6
25 6
85 4
67 6
76 8
99 8
30 4
91 10
70 7
84 2
48 10
97 10
52 9
54 10
16 4
88 2
41 7
99 5
33 2
81 1
42 1
58 8
16 1
35 4
99 5
50 4
49 9
79 9
18 6
85 10
97 7
83 5
31 6
60 8
14 1
32 10
86 8
61 7
3 10
96 10
100 9
24 4
20 9
6 10
8 5
40 2
11 9
81 7
88 3
91 2
42 3
63 10
42 9
65 4
51 2
60 3
79 5
71 2
35 1
99 7
19 10
70 3
48 10
41 5
12 3
89 3
78 3
10 5
44 9
64 8
27 4
38 4
74 10
61 4
7 6
31 4
36 7
49 3
39 3
96 2
67 10
28 2
96 4
100 9
85 2
36 4
55 8
50 3
3 1
98 9
24 4
94 3
57 3
79 2
74 4
4 3
88 1
54 4
88 7
89 7
6 1
15 7
1 3
36 10
27 6
72 2
8 1
93 4
45 5
24 8
44 7
22 1
13 7
97 5
77 4
9 6
13 9
85 1
73 4
94 9
49 9
36 7
100 1
61 3
5 29
67 62
4 86
5 57
40 8
8 99
74 86
55 68
7 47
1 26
47 6
39 3
31 97
7 13
68 70
4 36
81 68
96 33
69 58
26 36
8 22
26 87
41 45
86 29
56 39
34 96
28 62
94 33
42 80
94 13
47 14
69 90
81 96
10 32
25 4
32 37
4 48
69 15
96 74
60 83
74 61
46 42
20 45
96 83
20 93
50 62
93 15
34 30
32 26
55 11
72 70
12 5
94 87
45 13
32 87
81 50
42 66
81 77
36 47
35 66
73 85
50 65
72 97
28 44
52 36
79 3
92 13
98 72
83 3
95 28
65 65
87 92
42 5
86 27
25 71
18 100
97 65
92 96
68 10
73 93
52 66
17 18
38 22
91 20
91 50
54 56
5 4
52 8
19 87
60 96
22 2
50 29
17 1
21 86
17 43
53 64
60 42
99 70
50 57
5 70
66 39
45 94
56 93
16 47
72 71
24 42
33 18
49 75
59 39
89 1000
70 56
3 56
74 31
84 18
99 18
46 88
12 12
88 14
35 7
41 56
65 76
15 92
34 14
82 12
43 47
22 79
74 46
31 83
32 17
17 40
48 38
7 31
45 56
46 75
22 33
90 49
65 24
7 76
100 61
27 66
3 86
32 100
85 28
57 4
22 1
14 30
48 94
95 1
79 30
82 39
33 18
33 95
6 1
58 82
60 84
56 40
33 5
37 72
1 48
84 82
97 25
68 17
50 57
79 38
26 28
57 32
14 39
78 45
78 47
82 43
75 63
51 63
51 60
14 48
23 16
88 62
32 30
86 17
52 54
61 29
37 55
37 22
67 8
24 67
35 69
40 46
43 68
38 64
98 62
79 8
39 72
37 78
100 25
42 96
58 58
81 47
48 42
38 16
93 86
44 18
38 80
68 66
24 10
48 76
56 42
89 20
35 64
34 87
66 92
64 77
73 12
34 12
71 73
86 93
70 39
88 41
19 63
14 25
97 19
5 53
91 50
64 37
28 68
83 19
21 12
43 51
20 63
25 78
97 43
11 54
46 8
13 75
62 60
17 74
38 54
37 27
25 75
46 4
28 14
84 61
25 16
64 34
79 34
38 48
24 43
59 2
62 5
39 8
24 85
98 6
228 242
93 794
271 866
684 59
198 526
482 656
884 616
647 273
521 147
384 62
212 676
308 436
23 404
305 386
664 624
833 863
557 529
931 411
339 96
670 288
779 412
432 778
682 329
197 261
598 779
959 857
62 441
493 169
631 693
996 722
243 936
482 154
234 489
444 169
944 154
992 507
960 503
583 928
956 679
483 317
510 209
324 514
514 930
465 442
516 632
368 390
886 421
888 92
738 146
191 358
386 435
1000 576
503 22
989 366
261 99
475 20
476 335
971 147
175 94
793 102
85 100
662 375
225 493
178 104
191 751
93 254
719 466
581 836
827 312
32 721
149 832
509 229
94 894
650 695
95 707
688 645
1000 366
261 29
985 730
854 219
650 319
40 117
944 604
181 762
116 687
855 304
175 949
118 44
261 631
608 551
586 696
647 501
649 568
735 8
613 508
249 664
637 430
759 439
450 983
75 866
662 543
34 660
150 606
112 24
326 720
79 428
288 707
353 553
629 449
148 451
159 893
236 696
932 268
927 438
707 720
886 849
468 713
508 383
646 562
916 653
503 429
26 489
487 937
814 922
461 333
608 421
410 777
185 702
601 917
536 810
209 363
358 8
92 73
754 175
755 936
147 52
537 43
123 709
682 209
765 993
315 361
67 587
260 263
172 533
291 903
506 720
666 588
377 887
747 399
214 153
88 228
455 951
607 30
3 507
403 292
308 694
287 971
378 155
352 307
437 98
759 992
552 54
444 153
237 179
655 472
972 412
33 571
596 899
495 462
739 611
278 483
811 23
369 629
588 59
947 604
91 206
660 230
295 914
263 98
166 882
636 439
681 833
261 254
775 736
991 683
592 182
352 426
53 828
675 811
499 391
62 724
75 653
587 238
627 366
133 193
91 700
964 413
741 140
477 479
223 301
558 228
991 188
651 193
618 834
914 232
464 87
843 502
366 566
351 756
328 434
551 641
665 699
465 333
721 213
429 372
29 404
243 993
780 25
2 605
542 921
113 331
441 862
203 675
440 993
522 440
926 353
941 24
532 207
861 70
42 649
161 252
228 41
834 650
702 388
100 806
207 656
592 3
293 394
694 770
975 741
213 900
815 59
348 507
849 971
373 786
900 566
517 138
132 858
278 322
141 394