 10 6 7 1 4 3 8 9 5

5 2 1 4 3

3 4 5 1 2 6

1 9 6 7 11 10 5 4 2 3 8

6 16 11 17 4 1 15 13 10 8 12 3 7 9 14 5 2

6 434 281 307 510 275 426 323 142 398 315 303 486 422 446 471 21 367 410 48 93 500 117 468 314 418 25 376 346 347 299 438 290 286 12 124 219 363 320 24 284 393 450 350 509 507 480 309 495 349 85 515 334 442 30 50 74 89 96 123 247 252 494 370 324 472 499 432 354 23 317 390 274 285 512 66 71 105 358 497 425 345 3 103 433 396 31 109 392 306 330 318 453 427 62 78 348 360 459 428 353 312 291 313 287 368 9 489 386 29 122 364 462 454 17 32 81 114 335 351 265 116 130 487 372 504 498 369 517 27 60 65 76 94 104 118 156 171 331 479 400 469 269 431 288 16 41 112 378 407 399 22 67 395 474 384 296 492 56 505 409 375 380 414 11 43 429 294 267 447 7 38 45 87 493 34 391 402 327 264 272 75 98 80 374 501 359 503 484 413 297 406 273 440 443 423 445 412 430 514 14 18 35 59 86 88 108 127 149 154 220 377 473 482 475 268 483 300 452 261 513 111 365 441 448 8 204 408 129 455 491 218 476 42 262 146 203 342 401 28 53 91 125 439 463 458 316 100 308 4 33 263 356 344 397 366 437 382 321 277 10 40 95 99 325 465 420 373 444 470 1 2 61 257 283 302 388 389 511 477 457 97 113 293 467 385 26 39 51 57 72 279 424 64 508 68 337 478 506 271 352 518 405 451 485 520 415 280 436 496 5 19 20 49 54 55 101 115 119 121 137 336 394 140 172 519 319 83 110 310 361 36 69 298 200 245 421 52 73 82 92 102 254 270 292 225 371 383 223 490 460 328 449 185 403 37 84 134 435 311 190 341 255 107 343 340 47 63 70 90 304 187 381 138 58 278 362 502 133 168 162 180 174 165 488 417 46 79 120 128 176 355 169 326 228 456 158 239 152 13 126 131 194 256 333 141 416 332 238 139 159 155 145 289 197 258 147 212 214 243 301 322 202 227 173 230 259 237 216 338 183 44 150 232 231 148 516 153 205 163 177 77 106 240 248 175 192 188 186 222 167 249 196 210 179 166 339 199 295 251 266 191 226 234 161 241 229 244 233 411 135 170 305 189 242 357 236 419 181 195 213 207 178 143 217 184 224 235 276 215 206 260 250 464 379 461 193 164 481 132 329 151 253 466 198 221 387 404 209 211 136 182 282 157 208 160 144 246 201 15

794 992 532 646 612 606 537 812 572 600 829 633 935 637 830 617 961 993 566 751 631 657 513 806 656 519 569 143 236 416 517 5 211 856 77 86 108 131 141 507 511 677 914 723 660 708 901 75 116 119 137 228 658 589 908 1000 950 784 781 47 89 104 575 859 701 834 720 13 19 66 68 91 156 202 237 627 557 675 937 777 776 138 172 201 789 644 727 568 605 673 775 17 130 346 460 831 638 929 169 199 977 744 552 731 691 989 123 125 233 892 760 870 578 745 737 835 802 711 182 186 795 900 696 990 594 667 971 87 219 907 944 910 684 878 142 382 512 902 756 672 755 503 854 705 570 690 735 771 896 648 739 736 82 207 352 694 528 590 847 988 912 725 615 607 14 36 53 56 71 85 113 120 165 190 194 372 487 940 987 749 635 924 919 774 997 616 882 848 663 10 21 72 296 894 681 712 84 227 518 791 716 555 20 93 177 180 191 738 970 748 983 824 982 9 214 547 863 962 685 857 618 567 798 833 41 49 102 110 114 163 187 235 249 930 904 850 803 625 887 839 862 909 758 565 747 768 923 220 960 509 3 33 601 883 869 545 786 905 969 584 585 978 823 510 871 750 926 95 149 176 206 229 807 530 915 558 26 30 52 151 246 544 754 706 508 613 27 28 40 64 375 475 714 927 959 721 984 828 838 582 805 753 543 718 841 630 674 602 793 741 726 759 844 22 31 62 223 245 893 840 203 422 780 836 534 662 629 538 818 560 746 46 117 686 44 54 74 213 234 329 645 826 933 539 604 554 676 953 903 939 603 524 679 874 931 809 561 678 895 934 643 858 700 1 16 18 29 32 34 59 67 107 148 154 167 170 181 183 193 195 221 238 242 243 247 248 300 403 415 596 650 652 653 891 876 884 947 868 549 785 921 722 535 938 649 817 888 698 825 597 610 773 769 821 849 551 832 655 851 541 873 709 38 98 144 218 240 241 898 715 124 152 164 548 710 50 111 502 872 588 790 734 614 611 911 522 852 198 230 523 659 827 980 514 682 520 546 865 37 146 224 550 976 641 819 986 918 906 593 642 957 975 592 855 78 127 175 932 665 948 139 779 763 580 294 302 867 762 7 48 83 126 197 866 609 797 837 647 619 954 339 703 521 505 103 105 129 210 226 564 981 996 958 577 764 917 875 761 579 788 880 531 45 101 128 173 174 179 212 470 651 740 620 979 877 671 553 994 816 73 301 964 778 787 515 624 928 766 664 527 504 6 63 76 133 158 192 217 239 336 814 621 666 668 972 922 4 43 184 259 622 695 702 51 155 161 171 200 204 216 275 946 437 333 628 257 390 886 897 942 35 55 65 69 80 88 115 118 162 209 639 800 861 890 379 472 732 556 263 743 683 559 42 752 626 533 949 945 58 94 153 188 189 225 324 465 881 591 808 586 820 574 860 112 132 147 168 432 783 451 699 843 2 90 92 136 160 178 309 377 680 995 497 730 717 670 640 985 587 408 581 704 796 39 60 61 99 140 205 262 287 311 433 453 583 599 936 707 713 693 999 608 479 576 485 842 196 250 285 349 733 477 288 526 79 97 159 222 449 474 998 822 925 452 879 782 688 692 516 106 134 166 269 342 466 742 770 811 991 813 362 498 455 772 562 853 951 471 864 57 150 157 340 501 729 956 402 425 358 265 767 920 8 23 24 70 121 122 185 231 253 272 385 439 506 571 347 598 457 792 392 421 563 380 251 490 963 404 284 427 573 689 299 337 846 412 270 350 728 636 913 295 804 885 973 410 540 395 968 966 899 261 359 536 661 292 370 687 348 456 952 145 315 434 444 448 491 845 318 373 724 406 450 282 343 260 481 353 365 418 280 669 12 135 308 338 368 446 464 279 303 405 632 331 304 401 256 381 394 396 332 480 297 423 25 81 100 109 244 383 500 388 274 442 443 654 258 290 356 462 278 469 11 15 96 208 215 232 354 431 493 264 454 499 435 357 486 335 955 310 289 286 889 967 468 799 494 542 458 595 461 291 815 323 397 399 441 974 419 483 355 414 252 757 298 492 344 366 398 467 719 440 267 409 428 407 482 529 317 351 965 411 426 488 360 319 313 325 424 634 345 391 484 341 378 430 389 266 306 364 327 413 254 623 334 371 386 283 328 312 369 393 801 463 281 447 489 495 316 478 496 438 387 941 363 320 384 376 268 400 429 459 307 436 322 326 765 420 525 367 361 916 273 330 697 277 305 321 445 271 374 255 810 293 476 473 417 314 276 943
