7

10
31 41
12 1000
24 22
53 51
111 11
123 456
135 246
987 543
1489 245
24 778

5
2 1
7 6
957 63
612 87
830 1000

6
4 1
44 10
19 59
226 355
764 961
1000 222

11
2 6
9 2
40 7
26 8
49 16
90 75
830 612
690 27
418 395
512 261
968 614

17
9 7
1000 7
5 1
10 9
44 2
78 1000
55 8
26 10
56 8
25 10
25 42
4 1
865 381
868 66
411 279
297 566
447 595

520
9 6
3 2
3 7
8 6
10 5
7 1000
5 6
9 8
5 9
10 7
4 5
2 9
6 1
4 4
1000 4
5 7
6 10
3 3
10 5
2 1
1 9
3 4
3 8
1 4
1 6
10 6
6 9
5 4
4 7
2 6
4 9
3 5
4 3
6 7
10 10
7 3
3 1
5 6
5 3
10 7
5 7
6 5
8 10
9 1
5 6
5 1
7 2
1 8
2 1
3 9
5 3
10 4
5 4
2 1
4 2
7 9
10 6
8 2
7 7
2 3
3 2
2 4
7 2
7 4
4 6
2 5
3 4
9 5
7 3
7 2
2 5
10 6
10 4
2 6
8 9
2 3
10 1
2 4
10 2
9 10
6 10
5 2
9 4
9 3
3 10
5 5
5 6
9 9
1 3
7 2
10 8
5 2
1 8
4 6
10 7
2 6
8 5
8 9
10 7
9 7
10 5
5 2
3 7
6 9
4 10
10 1
10 3
4 4
4 9
9 4
10 9
5 7
8 5
6 10
6 3
5 8
1 7
2 3
6 3
5 1
10 5
4 7
3 9
2 9
5 4
6 1
10 10
10 2
8 7
5 8
54 9
91 2
34 8
24 8
91 6
78 1
14 7
27 7
47 7
19 9
58 9
50 1000
41 2
90 1
64 9
11 9
38 5
82 9
1 1
54 6
99 2
56 10
28 3
1 1
42 6
6 9
83 1
11 2
68 10
88 1
96 7
27 6
38 4
100 3
24 5
94 8
100 9
31 7
36 7
95 6
6 9
13 6
74 9
38 8
71 7
40 8
77 8
80 4
58 5
46 10
56 3
81 1
89 10
45 2
29 10
21 2
30 8
82 8
81 5
22 7
79 6
51 5
96 3
60 10
75 4
68 6
72 10
56 1
96 8
19 8
1000 10
81 10
11 9
9 8
56 6
24 1
19 1
86 1
70 1
91 8
70 1
23 3
75 4
46 6
71 3
67 8
43 2
7 6
2 9
4 4
62 1
65 6
16 6
91 4
23 9
81 6
81 10
48 9
29 2
74 9
91 10
27 3
60 4
27 2
69 3
86 5
25 3
53 8
11 2
40 4
84 6
98 6
77 10
74 5
12 5
90 1
1 3
30 3
56 5
51 2
86 7
1 3
99 2
20 8
13 4
12 2
12 8
72 10
66 8
49 2
100 92
30 25
66 49
76 87
38 61
87 7
52 64
64 60
58 83
100 40
67 36
86 98
49 51
25 64
23 1000
93 4
74 52
99 24
60 35
55 28
1 86
81 1
30 20
23 88
19 48
20 96
52 95
68 96
93 13
18 87
38 72
84 33
48 30
77 96
73 6
76 100
17 18
78 33
10 50
58 54
85 11
24 16
5 78
36 10
95 6
29 62
1 49
55 42
27 94
54 24
49 16
29 55
52 96
15 97
5 91
91 71
11 29
13 27
65 29
17 69
91 64
55 7
3 83
29 84
92 64
88 17
41 47
77 27
98 2
34 72
64 95
33 5
100 16
19 60
45 73
82 39
46 25
42 5
59 5
73 21
99 31
85 69
99 29
57 42
37 87
17 89
12 61
49 95
22 75
4 15
33 53
73 39
32 61
29 79
71 14
73 54
17 1
13 32
76 82
25 48
30 13
58 14
18 77
54 94
59 53
71 52
10 84
49 89
29 44
32 93
96 37
48 75
81 55
27 30
68 86
14 79
31 31
46 64
81 3
23 29
68 18
18 13
98 37
60 79
46 28
42 74
1000 15
71 47
72 47
33 85
665 772
156 336
197 750
795 378
528 701
413 946
837 615
34 622
317 430
476 696
743 595
533 616
694 236
278 4
296 156
670 707
495 677
1000 878
687 879
102 849
741 49
670 679
302 320
463 581
571 291
658 102
648 130
133 837
897 49
969 667
759 309
80 1000
859 880
440 254
284 668
20 866
401 811
243 464
680 848
407 410
515 729
306 846
223 516
6 541
992 329
532 270
762 555
48 233
731 581
956 985
409 367
231 703
928 954
213 144
621 634
54 546
714 857
937 838
347 121
261 980
48 25
983 912
189 386
375 626
949 823
599 110
773 486
590 463
361 690
919 329
763 26
528 884
244 193
409 16
219 151
602 11
677 422
152 998
225 328
996 668
68 681
95 269
1000 1000
523 690
767 725
631 539
915 577
846 456
663 984
157 558
109 3
836 834
564 528
482 516
666 346
63 918
451 715
209 43
511 913
666 242
895 775
474 610
499 584
121 363
225 775
678 344
363 869
648 993
251 706
74 560
480 518
266 63
616 661
352 540
636 816
755 406
88 323
602 340
236 881
20 954
357 229
266 668
648 587
612 613
168 558
987 107
628 943
419 222
827 381
447 230

1000
1 1
8 3
5 7
7 4
1 9
5 3
4 3
10 2
5 8
5 9
10 1
8 1
2 10
3 6
10 1
1 1
2 8
4 4
2 10
3 5
5 9
6 7
5 1
10 2
9 1
7 9
8 10
4 5
4 4
7 9
6 7
7 7
5 7
4 4
4 2
3 6
6 5
10 9
9 3
8 10
6 9
9 4
7 4
9 10
6 4
8 9
1 6
4 3
2 3
8 7
9 5
7 9
3 6
9 10
4 2
3 6
9 2
7 3
7 7
3 1
9 3
6 7
10 6
8 10
8 4
2 10
2 2
1 5
8 4
5 1
1 2
5 9
8 5
9 10
1 7
5 3
1 8
10 8
7 2
10 5
9 1
4 9
4 3
4 7
2 4
1 8
3 8
10 5
1 6
8 3
2 10
8 3
3 5
7 3
6 8
10 1
7 2
10 9
3 1
9 1
6 4
2 3
7 5
1 6
7 5
8 2
7 7
1 8
9 1
6 9
8 7
5 2
5 10
6 9
6 3
1 7
8 9
10 5
1 7
2 4
10 2
10 2
3 10
9 8
3 10
4 3
10 8
3 2
7 5
2 8
1 8
5 2
5 3
8 2
8 1
8 3
1 7
2 9
9 7
6 2
1 8
2 5
1 10
10 9
7 1
6 5
10 4
10 10
3 4
9 2
7 9
9 8
7 3
7 7
9 5
1 5
9 2
10 6
7 2
8 3
9 5
10 5
4 6
9 8
2 4
4 1
7 7
5 2
2 7
5 5
9 5
2 9
6 4
6 4
10 8
6 8
3 5
8 3
6 4
3 5
2 2
1 3
8 8
7 4
5 1
2 6
6 9
7 3
7 3
4 8
6 10
5 3
6 6
2 4
8 8
10 3
4 3
7 6
2 7
9 5
2 9
1 5
7 8
9 5
6 2
3 4
4 9
10 1
10 5
7 5
1 9
9 6
9 10
5 8
10 1
9 5
10 6
10 9
3 8
7 10
7 7
7 2
6 7
6 5
7 3
7 5
4 7
1 7
6 8
7 6
5 1
10 1
3 10
9 10
2 3
1 10
2 10
6 6
10 6
10 9
10 9
7 7
10 10
9 1
6 7
7 9
8 8
3 3
2 3
10 3
37 7
99 8
50 10
55 3
64 1
34 4
19 10
95 10
14 8
38 5
39 6
9 3
22 10
41 4
48 10
51 3
53 4
64 2
24 6
35 6
95 2
5 1
80 2
46 5
18 10
94 1
84 2
29 3
66 8
79 10
66 3
15 2
62 3
22 4
20 6
99 9
27 9
31 9
98 9
76 8
47 4
53 8
66 1
13 10
48 8
5 9
70 8
100 8
57 10
7 7
16 10
13 10
58 7
67 8
84 2
88 5
71 2
16 2
16 6
65 6
15 5
84 4
44 3
93 1
35 5
96 4
69 5
64 9
100 7
90 3
86 2
37 1
96 8
21 9
15 1
75 2
90 5
83 4
9 10
81 2
25 3
60 7
17 9
40 2
64 6
10 6
40 7
80 10
11 8
18 4
16 1
8 2
75 10
88 7
94 6
2 8
41 8
48 7
10 3
41 7
69 5
4 9
69 9
30 3
49 4
57 6
84 8
33 7
66 10
57 4
39 1
21 5
58 2
88 5
70 9
13 1
77 2
80 10
85 4
54 8
80 4
2 4
65 9
61 1
4 5
95 3
16 6
32 2
19 9
21 4
68 8
2 5
54 6
61 2
35 7
80 4
27 1
82 9
84 5
19 10
47 3
47 9
86 4
85 10
62 10
51 6
36 3
39 3
48 4
97 3
59 7
41 9
4 4
49 9
58 7
44 6
68 5
26 9
67 5
37 6
70 5
29 5
91 5
49 4
7 7
1 10
79 1
39 5
85 7
76 2
47 9
7 8
71 8
60 4
37 8
28 2
55 10
54 4
97 3
82 5
10 1
10 4
12 4
28 4
94 9
73 2
15 8
52 2
45 9
66 5
60 5
84 9
56 6
7 1
45 1
72 9
22 1
70 10
7 2
37 5
18 7
29 8
30 10
72 7
34 8
48 7
36 7
46 4
70 2
2 8
58 5
19 2
87 4
48 6
7 3
4 1
52 4
79 7
78 8
3 2
31 7
19 9
74 1
14 4
4 5
66 1
24 7
98 4
29 9
69 8
38 5
41 3
61 5
95 6
13 4
42 4
2 4
56 4
94 4
32 6
56 8
50 4
51 5
91 8
95 4
74 3
19 7
21 5
73 7
9 1
18 4
96 84
35 85
63 38
50 36
85 17
12 96
48 61
50 71
46 62
6 48
10 25
4 49
98 83
94 58
47 12
6 59
48 84
9 92
80 67
86 62
29 25
82 70
61 64
38 1
59 17
48 29
38 85
41 3
40 52
49 33
2 82
34 15
57 65
93 90
99 15
1 27
36 41
48 53
74 12
74 67
80 7
77 92
70 90
61 84
98 82
45 71
25 22
51 50
78 65
64 59
18 61
59 37
80 88
43 72
57 26
12 59
52 67
56 25
30 34
89 91
91 21
68 13
42 30
62 89
3 47
62 94
9 38
8 81
31 73
55 11
2 52
84 15
61 25
14 83
42 13
84 59
22 71
91 62
96 74
26 9
34 41
51 17
22 30
33 45
85 35
57 20
70 61
5 34
26 58
31 13
36 29
100 81
19 53
23 2
14 14
73 69
82 16
27 9
4 92
30 42
17 20
55 58
78 86
5 21
2 72
46 93
90 28
75 56
95 89
66 57
1 38
48 61
81 70
32 65
53 98
4 75
53 82
73 54
97 62
86 50
16 9
93 5
86 53
41 61
43 19
12 60
55 29
79 90
38 45
6 77
83 10
1 22
77 5
50 97
89 15
3 60
21 78
58 29
99 35
65 54
42 34
57 58
12 52
73 81
2 79
54 40
33 76
48 46
53 53
73 48
55 55
68 68
84 9
66 60
9 94
7 87
6 41
41 35
10 72
33 5
57 65
49 89
81 49
38 30
81 47
28 78
19 11
87 11
90 32
92 58
32 79
15 63
39 46
14 66
84 92
4 32
48 49
48 50
99 37
22 39
69 58
76 34
30 78
9 14
78 87
89 13
88 23
28 5
30 70
27 91
82 21
38 12
21 47
43 24
24 70
41 1
40 38
62 24
96 97
14 79
95 53
55 40
82 28
22 52
65 83
49 16
8 57
91 82
98 86
32 97
56 99
71 23
53 66
38 34
34 57
14 5
83 99
13 1
14 73
68 84
67 65
5 38
87 12
42 87
65 76
16 68
83 14
99 22
61 22
18 61
52 24
90 27
84 73
21 49
21 48
22 70
59 97
43 99
63 41
35 41
4 1
20 9
28 96
27 87
79 89
58 83
54 88
42 82
74 99
72 947
331 147
342 409
534 686
236 581
72 179
487 39
249 360
399 466
248 823
896 618
960 736
545 422
694 484
751 20
214 131
304 63
608 870
909 848
685 170
408 951
706 163
911 852
490 919
169 682
145 653
135 612
935 583
796 619
91 104
49 311
689 185
623 244
64 408
739 721
640 880
557 347
431 293
167 724
945 823
316 544
693 134
846 992
9 742
276 819
423 144
869 647
420 633
982 87
996 485
496 23
75 231
661 984
497 82
719 860
15 173
278 366
418 173
519 535
712 11
969 237
34 885
747 179
818 486
917 78
590 369
811 774
629 714
967 800
670 275
628 582
766 213
583 790
379 610
521 494
829 916
924 785
216 261
7 160
30 579
134 533
778 712
658 989
49 261
146 463
655 747
497 370
631 762
580 854
157 181
594 706
667 201
536 206
754 880
827 118
767 133
361 795
349 635
985 911
581 867
699 635
766 658
657 149
369 891
398 319
90 727
605 938
568 576
77 454
726 297
550 263
381 557
437 681
309 69
581 486
608 456
618 475
854 843
605 834
260 861
173 233
757 662
550 496
682 709
483 335
547 544
250 158
199 503
662 179
494 335
212 90
545 998
289 403
475 471
694 114
570 294
516 760
713 678
805 73
975 466
382 382
270 900
543 632
97 174
387 394
425 988
987 509
981 880
652 102
317 939
70 496
246 612
230 245
476 712
624 855
503 408
378 998
135 917
651 944
335 880
860 742
425 900
993 167
68 523
608 786
868 22
860 597
875 713
283 537
762 156
893 870
928 533
581 831
362 694
718 199
629 841
324 401
974 597
166 598
165 247
675 701
344 273
613 677
888 904
27 565
967 316
128 593
277 266
394 416
203 400
369 13
485 244
356 2
322 847
416 179
727 397
895 887
859 673
986 435
12 79
666 151
910 132
730 797
970 707
540 50
240 53
529 428
778 550
468 579
348 497
6 107
450 701
994 186
848 529
685 49
975 153
977 88
809 130
481 658
76 124
348 934
930 538
480 78
579 48
946 763
672 559
179 625
660 898
786 501
740 627
650 463
461 741
282 459
525 641
300 106
837 689
281 553
404 886
180 602
234 659
949 231
13 548
28 497
954 598
832 307
880 624
496 926
312 88
662 206
39 261