7 1
66 2
65 3

49 1
50 2
51 3

105 1
103 1
101 1
100 1
80 1
69 1
67 1
46 1
116 2
115 2
111 2
32 3

121 1
110 1
108 1
107 1
100 1
99 1
94 1
81 1
66 1
57 1
56 1
55 1
54 1
53 1
51 1
49 1
42 1
38 1
96 2

121 1
119 1
115 1
113 1
94 1
92 1
91 1
89 1
86 1
85 1
82 1
79 1
77 1
75 1
71 1
63 1
62 1
61 1
60 1
58 1
57 1
55 1
54 1
50 1
47 1
46 1
45 1
43 1
39 1
37 1
125 2
120 2
117 2
111 2
109 2
104 2
99 2
93 2
76 2
53 2

122 1
120 1
115 1
107 1
106 1
102 1
100 1
99 1
98 1
91 1
88 1
87 1
86 1
81 1
78 1
69 1
68 1
66 1
56 1
54 1
51 1
47 1
41 1
38 1
34 1
116 2
113 2
112 2
108 2
105 2
104 2
103 2
101 2
97 2
94 2
93 2
90 2
82 2
79 2
77 2
76 2
75 2
70 2
65 2
63 2
62 2
61 2
60 2
58 2
57 2
52 2
49 2
48 2
42 2
39 2
36 2
32 2
123 3
121 3
117 3
95 3
89 3
85 3
84 3
80 3
73 3
72 3
67 3
53 3
33 3
118 4
111 4
83 4
44 4
40 6

114 1
105 1
101 1
93 1
76 1
75 1
72 1
66 1
60 1
57 1
56 1
53 1
52 1
32 1
125 2
123 2
118 2
117 2
98 2
96 2
88 2
81 2
78 2
74 2
68 2
67 2
63 2
62 2
61 2
58 2
51 2
39 2
38 2
122 3
112 3
104 3
103 3
87 3
86 3
85 3
84 3
80 3
65 3
64 3
54 3
50 3
49 3
45 3
44 3
43 3
42 3
41 3
34 3
109 4
107 4
100 4
99 4
92 4
91 4
90 4
82 4
71 4
70 4
55 4
48 4
46 4
36 4
33 4
124 5
121 5
120 5
115 5
113 5
106 5
97 5
95 5
83 5
47 5
35 5
116 6
111 6
108 6
94 6
69 6
40 6
126 7
79 7
73 7
59 7
102 9

72 1
120 2
119 2
117 2
115 2
90 2
82 2
76 2
57 2
45 2
34 2
126 3
116 3
110 3
105 3
99 3
95 3
87 3
67 3
62 3
50 3
41 3
123 4
122 4
102 4
96 4
93 4
91 4
88 4
86 4
84 4
81 4
71 4
65 4
58 4
54 4
38 4
121 5
113 5
108 5
106 5
100 5
92 5
73 5
60 5
56 5
44 5
35 5
111 6
107 6
104 6
103 6
101 6
97 6
85 6
83 6
80 6
78 6
77 6
59 6
49 6
48 6
47 6
46 6
39 6
37 6
36 6
33 6
118 7
114 7
112 7
94 7
75 7
70 7
63 7
124 8
109 8
98 8
79 8
74 8
68 8
66 8
61 8
55 8
125 9
69 9
64 9
53 9
32 9
43 10
51 11
40 11
42 13

113 2
107 2
123 3
118 3
109 3
85 3
54 3
115 4
114 4
110 4
102 4
88 4
70 4
125 5
120 5
116 5
112 5
97 5
83 5
60 5
53 5
48 5
34 5
122 6
99 6
95 6
94 6
89 6
77 6
73 6
58 6
55 6
44 6
124 7
121 7
117 7
108 7
101 7
100 7
96 7
93 7
87 7
86 7
81 7
78 7
66 7
63 7
52 7
50 7
46 7
45 7
42 7
37 7
35 7
33 7
126 8
104 8
84 8
82 8
75 8
69 8
65 8
59 8
56 8
47 8
111 9
79 9
72 9
68 9
67 9
61 9
49 9
43 9
40 9
36 9
106 10
105 10
98 10
91 10
90 10
74 10
51 10
41 10
92 11
80 11
76 11
71 11
38 11
119 12
103 12
57 12
39 12
64 13
62 13
32 14

116 2
88 3
71 4
99 5
94 5
67 5
62 5
42 5
39 5
108 6
76 6
58 6
123 7
121 7
110 7
107 7
93 7
92 7
83 7
66 7
63 7
54 7
47 7
125 8
112 8
82 8
77 8
48 8
38 8
34 8
119 9
109 9
102 9
100 9
87 9
85 9
73 9
52 9
43 9
33 9
122 10
80 10
78 10
72 10
69 10
68 10
61 10
53 10
51 10
41 10
126 11
120 11
118 11
113 11
111 11
103 11
89 11
86 11
79 11
75 11
64 11
36 11
104 12
97 12
90 12
84 12
74 12
70 12
65 12
60 12
55 12
50 12
37 12
35 12
32 12
124 13
117 13
105 13
101 13
95 13
81 13
56 13
46 13
115 14
106 14
98 14
96 14
59 14
49 15
45 15
44 15
40 15
114 16
91 16
57 16
