7 1
66 2
65 3

49 1
50 2
51 3

105 1
103 1
101 1
100 1
80 1
69 1
67 1
46 1
116 2
115 2
111 2
32 3

124 1
109 1
107 1
105 1
102 1
96 1
93 1
88 1
85 1
84 1
83 1
81 1
80 1
75 1
74 1
37 1
55 2
35 2

126 1
125 1
124 1
123 1
119 1
115 1
111 1
109 1
107 1
99 1
98 1
96 1
94 1
92 1
88 1
85 1
81 1
70 1
68 1
67 1
66 1
65 1
63 1
62 1
58 1
45 1
44 1
41 1
39 1
36 1
34 1
100 2
90 2
84 2
77 2
73 2
54 2
42 2
38 2
40 3

125 1
122 1
118 1
112 1
108 1
106 1
105 1
104 1
103 1
97 1
94 1
89 1
86 1
84 1
83 1
79 1
78 1
77 1
75 1
72 1
68 1
67 1
65 1
64 1
56 1
55 1
52 1
48 1
47 1
44 1
43 1
38 1
36 1
35 1
34 1
119 2
114 2
113 2
111 2
101 2
100 2
98 2
92 2
90 2
85 2
80 2
71 2
70 2
61 2
60 2
58 2
51 2
42 2
39 2
124 3
123 3
116 3
95 3
63 3
62 3
59 3
57 3
54 3
53 3
49 3
41 3
37 3
33 3
109 4
81 4
76 4
74 4
40 4
32 4
73 5
93 6

121 1
98 1
92 1
91 1
76 1
60 1
51 1
50 1
36 1
35 1
122 2
116 2
109 2
106 2
104 2
103 2
100 2
95 2
88 2
86 2
82 2
75 2
74 2
69 2
67 2
66 2
55 2
47 2
42 2
38 2
37 2
126 3
125 3
124 3
120 3
119 3
118 3
115 3
114 3
111 3
96 3
85 3
81 3
71 3
65 3
64 3
63 3
54 3
44 3
43 3
41 3
40 3
113 4
110 4
105 4
99 4
94 4
93 4
89 4
87 4
83 4
80 4
79 4
78 4
70 4
68 4
59 4
49 4
48 4
46 4
33 4
32 4
123 5
117 5
102 5
84 5
62 5
57 5
45 5
112 6
107 6
90 6
77 6
72 6
58 6
52 6
34 6
108 7
61 7
56 8

123 1
122 1
86 1
68 1
114 2
112 2
101 2
94 2
80 2
70 2
66 2
51 2
121 3
117 3
110 3
99 3
76 3
63 3
61 3
53 3
50 3
34 3
126 4
106 4
105 4
102 4
91 4
90 4
84 4
78 4
74 4
56 4
49 4
46 4
38 4
37 4
35 4
32 4
118 5
116 5
104 5
92 5
88 5
83 5
81 5
72 5
67 5
62 5
60 5
52 5
48 5
45 5
43 5
41 5
36 5
125 6
124 6
120 6
108 6
97 6
93 6
87 6
85 6
79 6
77 6
59 6
57 6
44 6
40 6
33 6
119 7
115 7
111 7
98 7
75 7
73 7
69 7
64 7
58 7
42 7
103 8
100 8
89 8
82 8
65 8
113 9
96 9
95 9
109 10
107 10
39 10
71 11
55 11
54 11
47 11

103 2
61 2
60 2
119 3
111 3
106 3
84 3
70 3
113 4
112 4
95 4
92 4
90 4
52 4
48 4
124 5
122 5
115 5
105 5
100 5
99 5
86 5
82 5
81 5
65 5
59 5
114 6
110 6
96 6
91 6
79 6
63 6
54 6
49 6
44 6
39 6
38 6
34 6
33 6
120 7
117 7
108 7
102 7
94 7
85 7
74 7
72 7
47 7
42 7
41 7
40 7
126 8
123 8
107 8
98 8
93 8
87 8
83 8
76 8
62 8
55 8
53 8
51 8
46 8
45 8
37 8
36 8
125 9
109 9
104 9
101 9
77 9
56 9
50 9
118 10
116 10
97 10
78 10
71 10
69 10
43 10
73 11
68 11
67 11
64 11
58 11
89 12
88 12
80 12
75 12
32 12
35 13
121 14
57 14
66 17

41 2
61 3
105 5
103 5
78 5
42 5
38 5
123 6
109 6
102 6
92 6
85 6
69 6
107 7
96 7
91 7
59 7
54 7
44 7
32 7
126 8
114 8
111 8
98 8
94 8
93 8
88 8
80 8
74 8
67 8
57 8
51 8
37 8
33 8
110 9
108 9
86 9
84 9
63 9
56 9
48 9
46 9
43 9
35 9
113 10
112 10
101 10
97 10
81 10
79 10
68 10
65 10
58 10
47 10
40 10
120 11
116 11
104 11
95 11
82 11
75 11
71 11
60 11
55 11
50 11
124 12
122 12
119 12
118 12
100 12
76 12
73 12
64 12
62 12
45 12
39 12
99 13
83 13
77 13
66 13
36 13
70 14
53 14
34 14
125 15
117 15
106 15
90 15
89 15
72 15
52 15
49 15
115 17
121 18
87 19
