25
4
2 1 4 3
3
2 3 1
7
4 1 6 2 7 5 3
3
1 2 3
8
2 7 6 3 4 1 5 8
7
7 6 5 4 3 2 1
41
27 28 8 16 35 18 30 10 37 21 12 39 17 24 20 13 11 25 23 22 5 31 1 6 4 7 32 26 34 29 40 2 14 33 19 38 9 15 36 3 41
50
50 36 6 23 10 3 43 48 29 31 25 39 11 15 21 1 5 18 2 22 26 28 7 44 27 8 38 19 17 35 14 37 46 30 47 16 40 12 32 34 4 49 42 13 20 33 41 9 24 45
30
3 5 9 30 15 28 20 6 10 11 14 2 22 16 18 19 24 4 21 25 7 17 1 29 23 27 12 8 13 26
24
8 14 18 21 22 12 19 2 4 17 13 23 5 16 6 20 11 7 15 1 24 10 9 3
28
8 4 7 23 14 1 6 13 22 19 28 26 10 27 12 5 24 11 17 21 20 9 18 15 3 2 25 16
34
15 20 29 5 1 12 19 8 4 10 23 31 26 33 32 18 25 14 34 6 24 30 27 16 21 22 28 11 9 17 2 3 7 13
36
18 15 21 12 25 2 6 32 19 8 30 28 5 7 22 31 10 13 3 29 20 34 33 4 23 9 17 26 27 24 1 16 14 36 35 11
42
31 26 42 21 7 11 36 5 22 19 2 39 10 37 40 17 30 18 15 35 13 25 3 33 6 12 23 24 4 32 38 29 41 1 16 27 20 28 34 9 8 14
10
10 9 4 2 1 7 5 8 6 3
15
13 15 10 5 7 14 9 2 8 4 3 11 12 6 1
37
37 35 32 22 25 2 14 5 31 12 21 16 34 11 24 6 7 20 29 15 13 4 26 23 19 3 8 1 17 36 9 18 28 10 30 33 27
9
9 2 1 6 8 3 5 7 4
21
16 15 13 19 21 8 6 18 4 14 9 17 12 11 20 7 10 5 1 3 2
19
5 19 11 8 18 7 10 12 15 3 14 4 9 13 2 6 16 17 1
12
7 8 4 1 10 2 9 6 12 5 11 3
23
5 9 22 4 19 23 15 6 20 1 2 3 16 8 18 11 13 14 10 17 21 7 12
18
10 1 12 9 14 7 8 5 6 11 18 17 2 16 13 15 3 4
25
24 14 19 8 6 20 13 11 2 25 4 10 1 23 18 16 12 22 17 3 5 15 7 9 21
50
50 49 48 47 46 45 44 43 42 41 40 39 38 37 36 35 34 33 32 31 30 29 28 27 26 25 24 23 22 21 20 19 18 17 16 15 14 13 12 11 10 9 8 7 6 5 4 3 2 1
