999
133.12
4663.01
9463.99
836.84
13.30
131.99
5646.57
133.12
4663.01
9463.92
836.84
13.30
131.02
5646.57
133.12
4663.01
9463.99
836.83
133.12
4663.99
9463.99
836.84
13.30
131.00
5646.57
133.12
4663.01
9463.92
836.84
13.30
131.02
5646.57
133.12
5646.57
133.12
4663.01
943.99
836.84
13.30
131.00
5646.57
133.12
4663.01
946.99
836.84
13.30
131.00
5646.57
133.12
4663.51
9463.99
836.84
13.30
131.06
5646.57
133.12
463.01
9463.79
836.84
13.30
131.08
5646.57
1000.00
133.12
4663.01
963.99
836.84
13.30
11.00
546.57
133.12
4663.01
943.92
836.84
13.30
463.99
836.84
13.30
131.00
5646.57
133.12
663.01
9463.99
836.84
13.30
131.00
5646.57
133.12
63.51
9463.99
836.84
3.30
131.06
646.57
133.12
663.01
9463.79
836.84
3.30
131.08
546.57
13.30
131.00
5646.57
133.12
4663.01
943.99
836.84
133.12
4663.01
9463.99
836.84
13.30
131.00
5646.57
133.12
4663.01
9463.92
836.84
13.30
131.02
5646.57
133.12
4663.01
5646.57
1933.12
4663.01
946.99
836.84
139.30
1341.00
5646.57
133.12
4663.51
9463.99
836.84
13.30
131.06
5646.57
133.12
4653.01
9463.79
836.84
13.30
131.08
5646.57
7000.00
1383.12
4663.01
963.99
836.84
143.30
11.00
5646.57
1233.12
4663.01
943.92
836.84
13.30
13.02
5646.57
13.12
4663.01
963.99
836.83
133.30
131.00
5646.57
133.12
9463.99
836.84
3.30
131.06
646.57
133.12
663.01
9463.79
8366.84
36.30
131.08
546.57
13.30
131.00
5646.50
133.12
4663.01
946.99
836.84
13.30
131.00
5646.57
133.12
4663.51
9463.99
836.84
13.30
131.06
5646.57
133.12
463.01
9463.79
836.84
13.37
131.08
5646.57
1000.00
133.12
4663.01
963.99
836.84
13.30
11.40
5646.57
133.12
4663.04
943.92
836.84
13.30
13.04
5646.57
13.12
4663.01
963.99
836.84
13.30
31.00
5646.57
133.12
4663.01
463.99
13.30
131.04
5646.57
133.12
663.51
9463.99
836.84
3.30
131.06
10000.00
133.12
4663.01
9463.99
836.84
13.30
131.00
5646.57
133.12
4663.01
9463.92
836.84
13.30
131.02
5646.57
133.12
4663.01
9463.99
836.83
133.12
4663.01
9463.99
836.84
13.30
131.00
5646.57
133.12
4663.01
9463.92
836.84
13.30
131.02
5646.57
133.12
4663.01
9463.99
836.83
13.30
131.00
5646.57
133.12
4663.01
943.99
836.84
13.30
131.00
5646.57
133.12
4663.01
946.99
836.84
13.30
131.00
5646.57
133.12
4663.51
9463.99
836.84
13.30
131.06
5646.57
133.12
463.01
9463.79
836.84
13.30
131.08
5646.57
1000.00
133.12
4663.01
963.99
836.84
13.30
11.00
546.57
133.12
4663.01
943.92
836.84
13.30
13.02
5646.57
13.12
463.01
963.99
836.83
13.30
31.00
5646.57
133.12
463.01
463.99
836.84
13.30
131.00
5646.57
133.12
663.01
9463.99
836.84
13.30
131.00
5646.57
133.12
63.51
9463.99
836.84
3.30
131.06
646.57
133.12
663.01
9463.79
836.84
3.30
131.08
546.57
13.30
131.00
5646.57
133.12
4663.01
943.99
836.84
133.12
4663.01
9463.99
836.84
13.30
131.00
5646.57
133.12
4663.01
9463.92
836.84
13.30
131.02
5646.57
133.12
4663.01
9463.99
836.83
13.30
131.00
5646.57
133.12
4663.01
943.99
836.84
138.30
131.00
5646.57
1933.12
4663.01
946.99
836.84
139.30
1341.00
5646.57
133.12
4663.51
9463.99
836.84
13.30
131.06
5646.57
133.12
4653.01
9463.79
836.84
13.30
131.08
5646.57
7000.00
1383.12
4663.01
963.99
836.84
143.30
11.00
5646.57
1233.12
4663.01
943.92
836.84
13.30
13.02
5646.57
13.12
4663.01
963.99
836.83
133.30
31.00
5646.57
133.12
4663.01
463.99
836.84
136.30
131.00
5646.57
133.12
6563.01
9463.99
836.84
13.30
131.00
5646.57
133.12
663.51
9463.99
836.84
3.30
131.06
646.57
133.12
663.01
9463.79
8366.84
36.30
131.08
546.57
13.30
131.00
5646.57
133.12
4663.01
946.99
836.84
13.30
131.00
5646.57
133.12
4663.51
9463.99
836.84
13.30
131.06
5646.57
133.12
463.01
9463.79
836.84
13.30
131.08
5646.57
1000.00
133.12
4663.01
963.99
836.84
13.30
11.00
5646.57
133.12
4663.01
943.92
836.84
13.30
13.02
5646.57
13.12
4663.01
963.99
836.83
13.30
31.00
5646.57
133.12
4663.01
463.99
836.84
13.30
131.00
5646.57
133.12
663.01
9463.99
836.84
13.30
131.00
5646.57
133.12
663.51
9463.99
836.84
3.30
131.06
646.57
133.12
663.01
9463.79
836.84
3.30
131.08
546.57
36.84
13.30
131.00
5646.57
133.12
4663.51
9463.99
836.84
13.30
131.06
5646.57
133.12
463.01
9463.79
836.84
13.30
131.08
5646.57
1000.00
133.12
4663.01
963.99
836.84
13.30
11.00
546.57
133.12
4663.01
943.92
836.84
13.30
13.02
5646.57
13.12
463.01
963.99
836.83
13.30
31.00
5646.57
133.12
463.01
463.99
836.84
13.30
131.00
5646.57
1.12
663.01
9463.99
836.84
13.30
131.00
5646.57
133.12
63.51
9463.99
836.84
3.30
131.06
64.57
133.12
663.01
9463.79
836.84
3.30
131.08
546.57
13.30
131.00
5646.57
133.12
4663.01
943.99
836.84
133.12
4663.01
9463.99
836.84
13.30
131.00
5646.57
133.12
4663.01
9463.92
836.84
13.30
131.02
5646.57
133.12
46.01
9463.99
836.83
13.30
131.00
5646.57
133.12
4663.01
943.99
836.84
138.30
131.00
5646.57
1933.12
3.01
946.99
836.84
139.30
1341.00
5646.57
133.12
4663.51
9463.99
836.84
13.30
131.06
5646.57
133.12
4653.01
63.79
836.84
13.30
131.08
5646.57
70.00
1383.12
4663.01
963.99
836.84
143.30
11.00
5646.57
1233.12
4663.01
943.92
836.84
13.30
13.02
5646.57
13.12
4663.01
963.99
836.83
133.30
31.00
5646.57
133.12
4663.01
463.99
836.84
136.30
131.00
56.57
133.12
6563.01
9463.99
836.84
13.30
131.00
5646.57
133.12
663.51
9463.99
836.84
3.30
131.06
646.57
133.12
663.01
943.79
8366.84
36.30
131.08
546.57
13.30
131.00
564.57
133.12
4663.01
946.99
836.84
13.30
131.00
5646.57
133.12
4663.51
9463.99
836.84
13.30
131.06
5646.57
133.12
463.01
943.79
836.84
13.30
131.08
5646.57
100.00
133.12
4663.01
963.99
836.84
13.30
11.00
566.57
133.12
4663.01
43.92
836.84
13.30
13.02
5646.57
13.12
4663.01
963.99
836.83
13.30
31.00
546.57
133.12
4663.01
463.99
836.84
13.30
131.00
5646.57
13.12
663.01
9463.99
83.84
13.30
131.00
646.57
133.12
663.51
9463.99
836.84
3.30
131.06
646.57
133.12
663.01
463.79
836.84
3.30
131.08
546.57
36.84
13.30
131.00
5646.57
133.12
4663.51
9463.99
836.84
13.30
131.06
5646.57
133.12
463.01
9463.79
836.84
13.30
131.08
5646.57
1000.00
133.12
4663.01
963.99
836.84
13.30
11.00
546.57
133.12
4663.01
943.92
836.84
13.30
13.02
5646.57
13.12
463.01
963.99
836.83
13.30
31.00
5646.57
133.12
463.01
463.99
836.84
13.30
131.00
5646.57
133.12
663.01
9463.99
9463.99
836.84
3.30
131.06
646.57
133.12
663.01
9463.79
836.84
3.30
131.08
546.57
13.30
131.00
5646.57
133.12
4663.01
943.99
836.84
133.12
4663.01
9463.99
836.84
13.30
131.00
5646.57
133.12
4663.01
131.02
5646.57
133.12
4663.01
9463.99
836.83
13.30
131.00
5646.57
133.12
4663.01
943.99
836.84
138.30
131.00
5646.57
1933.12
4663.01
946.99
836.84
139.30
1341.00
5646.57
133.12
4663.51
9463.99
836.84
13.30
131.06
5646.57
133.12
4653.01
9463.79
836.84
13.30
131.08
5646.57
7000.00
1383.12
4663.01
963.99
836.84
1233.12
4663.01
943.92
836.84
13.30
13.02
5646.57
13.12
4663.01
963.99
836.83
133.30
31.00
5646.57
133.12
4663.01
463.99
836.84
136.30
131.00
5646.57
133.12
133.12
663.51
9463.99
836.84
3.30
131.06
646.57
133.12
663.01
9463.79
8366.84
36.30
131.08
546.57
13.30
131.00
5646.57
133.12
4663.01
946.99
836.84
13.30
131.00
5646.57
9463.79
836.84
13.30
131.08
5646.57
1000.00
133.12
4663.01
963.99
836.84
13.30
11.00
5646.57
133.12
4663.01
943.92
836.84
13.30
13.02
31.00
566.57
13.18
43.01
463.99
836.84
13.30
131.00
546.57
133.12
63.01
43.99
836.84
13.30
131.00
66.57
33.12
663.51
63.99
836.84
3.30
131.06
6.57
3.12
6.01
3.79
836.84
3.40
131.28
100
10000.00
133.12
4663.01
9463.99
836.84
13.30
131.00
5646.57
133.12
4663.01
9463.92
836.84
13.30
131.02
5646.57
133.12
4663.01
9463.99
836.83
13.30
131.00
5646.57
133.12
4663.01
943.99
836.84
13.30
131.00
5646.57
133.12
4663.01
946.99
836.84
13.30
131.00
5646.57
133.12
4663.51
9463.99
836.84
13.30
131.06
5646.57
133.12
463.01
9463.79
836.84
13.30
131.08
5646.57
1000.00
133.12
4663.01
963.99
836.84
13.30
11.00
5646.57
133.12
4663.01
943.92
836.84
13.30
13.02
5646.57
13.12
4663.01
963.99
836.83
13.30
31.00
5646.57
133.12
4663.01
463.99
836.84
13.30
131.00
5646.57
133.12
663.01
9463.99
836.84
13.30
131.00
5646.57
133.12
663.51
9463.99
836.84
3.30
131.06
646.57
133.12
663.01
9463.79
836.84
3.30
131.08
546.57
3
0.01
0.03
0.03
4
25.00
25.00
25.00
28.00
3
10.01
15.25
18.96
4
25.03
25.00
25.00
25.00
0
