48815620517731830194541.899025343415715973535967221869852721
.00000005148554641076956121994511276767154838481760200726351203835429763013462401
43992025569.928573701266488041146654993318703707511666295476720493953024
29448126.764121021618164430206909037173276672
90429072743629540498.107596019456651774561044010001
217567.7939910901436215845305213312
3006496382486618790132777829023532096701.293840930085509845513779777719312648049390348133070772762185415262208
1.126825030131969720661201
8
1
302572371234751.534384499925245845589670513328818168999
.000000000000000000001021211336005403380483784283069010133606334284354986330210021001
.000000000000000000000000000001667889514952984961
32.01600320032001600032
6049.261729
.00000000000000005986031556759960365559813735731891884837259107264471
425823035662776371612426930469.693769065563162931453639789009061547151140200750550542081677328384
