48815620517731830194541.899025343415715973535967221869852721
.00000005148554641076956121994511276767154838481760200726351203835429763013462401
43992025569.928573701266488041146654993318703707511666295476720493953024
29448126.764121021618164430206909037173276672
90429072743629540498.107596019456651774561044010001
1.126825030131969720661201
243
1
993298787925.032218323723485184
7.4374283319633558011525327585440794215424
231744919920739913988391943.475191979528417380930088763994680477573244256256
103917905124093015926715056.971353930145505856054353786202835545590938133249458221328801
117323212162385507950543.881466890889307358357332268246404008247296
.00000000000006436343
12.233
1.23454321
106196756658858203497130909658883859.884237985785230595159374834333871723586520525077248425268053454434237
98.72
