100
74836249216408672103503428687713463651489472480336950827277625544353020749740133550214787805243627822265035927460682282714694917545889647415934487545597019015632449653195096535455382519614480774586749435722962059015977503282125374651201905256329905056852673394173697710901272507176862273206303266011252370825408383707221018545569653726777073842
5 4 8 9 11 12
022612823383834965730119117725673555141051514845316287971751915384584068496656800428706433462295647260685329942596658951066504821176411785188669992628294392856582942669861370594455525020056166024610502246004413565311069535171539997967861826382719351978514218125576498380841798834145686169973939468376742093172440535993375172725205866387591389397564668479854978457403066068854735206919029846636320616278075336293835921395985867722764679468812408309661526191828241775374631137460541445274042876893057562511999144822907238043360500925682023996776688210805923751837176663029855254297981550650435906498844971601377967648048679083645193945350739304844582
7 1 3 4 5 6 8 10
31868614599919313900021775960566077705292491979677173735045790795391572046026635442298321525556497526509477321110265098352092149203087750304595510823892216752112
4 1 6 8 11
99367525708186077676354638218431103378680456333403671237383612070476217568063630136793692843247932338379897934837586799609076785141059727016360719167080300911663651606223658378891217660595137513163780258074761654277043029241150836191709962069118619733868818704136559798915360037999297866937002227409825387199696079054641225640849418572668857048533488395353026676737427851633499979279625170679293748095503341185525666736148446188014604737765021906172156359109804912197442016792134169494943987202803852302357685320667153343875850573028631408782358019409894266819239385571559867382974
8 2 3 5 7 8 10 11 12
23036828191532920587500175533508957384186592942305889690725053022589654665414680451419634588082627859201755417187861608448276667117366566468822728247683853669573268799954140395320962647673423892848
4 6 7 8 9
29716609658404399920
6 1 2 3 7 10 12
046716698861934439167446569953195122052776696505048702734080226063842971268628514064482971642120235009055460765319295630797846448871816094349350754919722224294175311446066472416571803587624588272696625523193616537701709955128970156513045196146914734848666943916797487795411960083087836302374078406264823004301305630507328085866565281323897461156572058760043518979048787112096494507860083654760677366407548383418438112215310066205452815917250070505904441771948460576840197613394866506615150142340005810690222307933439451904349499956682720045632373060628650546940045356003480192015039217262417800916378268244862419086370452926049344154544243152614393750313516315
6 4 5 7 8 10 11
5780303368951242974097712337050743519388190658629111454274234331894842094480834289377321373519424051482919458370638053257994453832438331579232873687416798650850446539306258506334049859798442063844042129294546228890945455605375726930039200982951584153075307159250156303617759597055155645610434253796979224493333785945622026022668434554665807322394383554397233328612322691164349937569196984585634769729553581388029987821046115606476567865639719368456776818774680991952743650242278124662092287052199604160760998901340840815774113107523035622134744651571052650297017727718631848855598364215544128130934306740032419603290491402287025113336311039043750473333512335285750384062757242377406071944968193676054066894584168296969963636576313350542910186164040033854904317655204437399700339495524826613117663971187866266889864085659528156172502546697560482353807782661824270635364178390474713
4 1 5 7 8
204211299012696992785625870356502716858509292461412999861550924500955183567425826384765131582844032081152211030895069597012681658589429993863958961076974353565651652601711243061392016110180717691402929447406182954606843209232411316153285922751798857591381893563395976880809692649632773211076460710077940411291227195053973874084817046318640040835938136795440358430237895280
3 3 10 12
014964133314577093733331793942217235379758833747033621532987134480268876488773374473505276295550318883054648936586846751059206188995210169473589513315591944539307807235267792736143556306087962115267495809491685595764715969894362844231470259108661623886576299107764971081675570279955548271108398404355891629143746655167464158761592545290971091664228466065560027518505016815752526
7 2 4 5 6 7 8 11
840814962837239869740468174589957101181430529995792115349302907625065998017356850533734741444860514162799954374406002139676626105896775575111118168771066175577657351666923767728765275714639013262542419649237579814025020228723904676202941514262275073587492273840688805311880994892146625746134770012383167807359140613436665110462496547167545325880285555503760122502215543922012581517359897662245999667310880632277259444776310205403147867251420774807080877934328532238325564998040240846908953107731951578255116214851050527968027661544446505656829058881531250540806566804742379759352089492920060930346050792383519507426202289895506030223451494138938826043743179138897122494061238096563879452252009854355024683560343497157796743754572068265842574721863934020191800947018544623230707272743040396278943104484528653797360106817949685257770543623224
6 4 7 8 9 10 12
4776914190614241786007220384125216866752974933726406757645181939352207313045030264224906792646994345044776797534653507764392968492540502447660845126173758530419018575831195559950953141622608486503788448893621625514879055448155052304215325704219599119216977132777437066466325576691778579770665789643710593031952411529594368574189833528542462617173666022722653129435027571800137327390306268348766025491158110556670779610591072407926355522041900996807288841785573858384768529921657912983303395517594930789727380227513050258879557882332000070639753932553749854897686272605733454267670683052612654304432761771550924402256883610583250294716192827656694253531048234067291593324836834392143416302024461306493984786266508715574176141240998860232834076982354732956360312528440011016300808886451169496012289615961638031873845578564530736601995417649448
4 2 3 5 6
136857600
9 2 3 4 5 8 9 10 11 12
2012391865735091911087337210557970189146202359139787892308740244791030046889129816218168941893895023806799662776562463265330155714938610784973922982042101671379079450111721920197560233443256576371104422469945434508009652786957850207584816316177322832571875318299072
6 1 6 7 8 9 12
159233327831929054944865763780603103506851361138349571549010013853122302525690843893566701313243345016070787079152824924505321541591345465852197277939469149120314200387867856142490501349440182067131714752562260127284314961556587801998761254166199779924914141151123267481728247227748481558170208428460313037383091607360
6 1 3 4 5 6 9
347775926131541699084847978488593429826247060423037504234021060180024211941213689832837488348324093795702772651633113310763657157
5 4 5 7 9 11
224923961155246444574117155434694511949503380363678434995850972985743369611029018457392758413003725621729545202041971715726618024680527454105946688149947502991933419919963608324312002084388173019463301290490361620854846122157802287388729908448477521269422391878644983801953019540372963813282895559355485696777869893245230257575062278257779670689424509880629501955462789132591082823938183899493460
4 1 6 7 10
4731082853318644373479938929737109499522354367431408420108609788115470233111189047534859167973091138293905931306104305597583933402618200512614457666091283664915784638842577170593439104902068924232546298446378235718096026897980574693661693040712982764505783766755638486553304396232208649531001247316130038884778103668621872161942090722738601768357117082996662370816331055125295678793020309180149100328578273000383341804310518263324841238840894098613793203915063015314980859475907434131027340449543019607015143260883290354097131235097014221720660078812185127609358185455548727230370848112877806446533711737450362148275351183465304602775764125830380617449230422919137378520096900958180672874932971038652742614121044286743355262347944039844405401333154021807168194449562519378
6 1 3 4 6 8 11
14744156877823648432896450904402979423180619156065596291826876552884095362678944117436364240814179388221940449683553076811885768205394541980529064876248410912793039696461590907246577451518672245515759358794324881473802408940325504529028141505760636077228848145524083647947942035847254238398026673581680768069088137157956295226250889681025623403112376554517900027942254961292813205102150102387755622577545724091561213720235624633089566924081587970125707441389615484536380247214170223151889892046016788383465344800
6 1 2 4 5 6 11
052066544119980677122476817191620154707018808418005101996
9 1 2 3 4 5 8 9 10 12
3026627727528639355113646261600871285976343329920740421207180683404839054607428320206111991998078979315129632776439072680855750673317028094534758673579987487417774227316233693446756828170347662086116811269945495105142862646767406454507010281440346857831137981244429744811088490459288207659
3 1 7 11
207993645146391561087232065539133140206145415293754180021372166423548714119322001130849872718957095811379696513858749993459177001131048958261666116862114762117791284782764269688209997557138231027434646034960673774593972078227991669244794003505680657327307249986708592954466331225044568937938684199902326255272558031587299096808665283705248597630069623284552719275014077551851445815570973091288486993668575763532044637506607751053084460087103327640543472822390645497002639571802477607914384972484039420412529716022236500816344584940986620180375936571146028579215769454930263505451497772467744054029673928261481292794720897685251669372396181523988638855757887332423207302189304030866793188514992119469323447337668846251966772836960076639733195138587479029555673138455147111518184993831336039910130857558547150676651615537861410729135464369089522278
7 1 2 4 7 10 11 12
71452289106484725247583027998066363785652294051224289206923123139020621879078964580577639451906839348173001573707004770409770110894478685720043593917813118672582905714664661315095181256524188005944468700572009587759888173144779700446694539667004131948214842991641812739109536290671993497912713685162836221187486261590304701969705519578922691597586272541399069315403311058747110202876269145141102335529362116179739800941044462692188892380115642773658054126054098371516538612536807045139390555366501823871254388621518841607472839260796176532378738511573272237608749197011959318973827221445064590661567788485301849714357207729687184342610946485553199469750787852700641029614355934040731978420040229840713326218867375351769269113761698163653296651616504839267991758879452354706714649637406926495598788459409605628
4 2 7 9 11
15335607855675772050412471945294925179785781969801213229164020975756688399422422425998596702129906036998961348329130102784850146566898407296462660303796048296441803499509030621653510089920128669629985034551146273145482047692721497118661899303508928407941697403213157246624520747595303449997278890950508990109534752793713842860741789038075348358209288638672548524505592125221415604824310810609572999707276025266751874437865419312639286360570505849892903615983651814981545467589533473111183611223120675944997780639774756145809609014625121380583511296357252282212871445902043103568915857462054754086254486956902120195171298676068549139845914121314533488140428001408864798866112123288186850109964702297356739146612610183314898268929342892760120281780506937171417190
4 2 3 5 11
2334131373440836968859892969445076330312290938525391479736276547215224067131207329207254127640333145419164730160766726550784389222058946638150966819018214951695522837786472314996212608574858825505885276594771880179979861275108627959496976557368770951107004139899353347925428175352738248439773436779547355729287206423221765453196873566973322115930285064637283797175308612873886281084725873158920964195582038112863907128568069811645304206818722317580875529812726215046513365804128081337180667821594428121833431033827398553813753159028947583
3 5 9 10
3612884042783364791597903628815390904960
4 6 8 10 12
9330225779474731428531129661572147740236620990698389265495758352409667477490197842826163858066722686740797275775008033863056031969405092435222029124821064004139266707164461669367225545757010868917004117649851007645667034462911004879173039156437443935835647988638585317827340531186984501105769771171414493683425449372539034595509517576994359109708117175568553321924150680096787723220841827464573441961070778257430187405289471756464945987988979887751840843922778458912408239632796962215512347536661151740826759605485400110571113788292977649815081205386380199978217483256116016485541571619361173567341705609613472516661584734840650412150490528532138469326151441948650387406497169289259889029858026699575824782156622914666506528862801034674270213
4 3 5 8 10
413360116519893052057230103147019180256384753245536186613276526653295385011456169749976105201576964842060704318946559008462209471834635108953257947712729271290262005503085474908046205308628051703744768351276755654565192992220634029720751623444887751072429246667243915000451053904659480147528088510287775819394351929804714754277379119010993906381851900338596688380065044668371427393977080265617454333031033681459268108380997113782982168428517063596856668525284158338892394113824138584962902014030443479325202072243013603092916935242056922960772495450960954845436151243704259407315759268767291660557164406588310726728323865308733757912866872884275898109203972212240153905967832968770353315416203342960
5 1 4 6 7 10
9217742401491669809038627590666274607110568890560
5 2 4 5 7 12
165632242886110544512459755541046775390479124321262950800957946276761180190238181656550411521053344777284425298016098800372101715779162119842428735593554937468771566163248325344077019922055162603702336540532785766278761647270303774104285246558913206654074999310114901624642451942065776733522607872650609106887449395434073441407559565035283454149259812895682125489501180050423906183406390734191415713593148700929687876946828952012834033069290163771150294395342328622698053485062269303007467724949112349885307416418419994953665983893253504575918424835004721414336568085655301327487200113398017577834460488122237196612603189126244844125001621394849349950339789282054541765556808188202970591447261682260737896929313467296052978606700833261383551213130088762761345995937473060957771243641979653796289358983677773490444198518349474358716530013683437468159032669521555166146676150
6 1 3 4 6 9 12
6684649375544093708965434964648700050259147119125488132786946544790147642496767605527624248141628918089661993369002726666706067698368243159192400432886947263609802146615627743269392053645636545583466649058389317352996964361068779897904120078821510109505107443317691977582989101436747367982475947400711561754546873518598825845310933590930474258124687378503238864793910669793389426008849580343841628482225514462030384221906476782993369089024697488135395324211679
8 2 3 4 6 7 9 10 11
17733328367530860500631503004203703051087528086416152180388058036865317761279318884770198843682777643161429567118792946036394115939193748895978893290101899484980843173031780527908108158471355977489478557695811785325935596740650508574620911376596973953864231816344037837641470399778296408141006675162145622190798039031693099462041707205615803775434251945502393591809946921129107776290963934895182360541172331596800052150714478956513678116620684878194980230163065782800583580269508719070333512470609507933780816213267643068040714109485682617495875964959957791360437187091142938883061377104436119002561629243860997728676533338700237237131187174427403072494753433732789230729207943525258795109181255669952813450016696748550905339989669795288068238650133765875657643112991908951323718577753910330611763967234930818482415708
3 1 3 12
95681012296306347161329176480553289405968757252843785346321375623830386528408427456654399867917929450057283428705696355334018747058475473671558836715056455876223492977506332071641822287120593125944473755060651723853030465538678370022564344949674389334308424088435697735497706313796466093654886810162403265477662
8 1 2 4 6 7 8 9 10
295465471205074048679584272940269336014399012206678825071685968991376769579807037754764052837957668006304568160485270096295420568471618391363082991483703308694119341346643451966649302696298307699874872817251890446642824844004163994824253340221591705807683073795335361797569435958541073953469922687476332279778460590663975388636135620226722471523576214074911279476996102558829018193327571311492937783953530148203069996670201647616881944428174129038030474279707465776066263604907547645960356351923120
5 3 5 6 7 12
4815679984111818623882851735661264917234914
5 5 8 9 10 12
7061685386164726826665936631972971480827159506672271232329249998361727545514628786308902961111471757271770614494010509184511358699660522050361557819811314141185947246365634195039502091798519619445177556775205264003130021645889586133617978926124903514983705383524829561012981150507284716992796556163761420536312940368463261609541092062927723355541526165529369013422047060928295643790467302124335691
6 1 3 6 7 9 10
90014770556279142513488974061781147066952999886138420296750564535936246856977210934515218189779583201992921218624645562156875592308135403992173944356381286398049580283445906001854376666769529512808226727961730543909277421269989581028052666207776354581724021900780019669427725717958772558962675431994861482295311179789575495769328712293510392213391782885886295661294486007181486102794846608875937234535872813913082187104569071142672374962866321345167839368863711536987980852416776133467957965530395276538560
9 1 2 3 4 6 7 9 10 11
244716282211001680634325292970755864523970544519300054713782417706910625690702883704086824907570091972971627122310965956877476041990868223458080603397622313396366494539881610591869258621920
7 1 4 7 9 10 11 12
69611763611641194683854826734069500510634645919470864658864532611302136104975762059939001769804978786861708266689871575101244732890228844743701544970201653583348073024708840263185492297424364239543842593867001063542524537662796425985164141964411453230624070019026682958253523626994813249183520929166999229510669464950537006509761887998108632249322731290811782137990246934307657408177066893051412129231760265244976946012347072
3 2 8 9
23999186684190283348266397342625123159317564456512515437061264325332531693416502273433979410804415021781986163767423622376432895766048352169833496944803852236839846651966451995654285252744181059543119896373383828838796369613319274116152259145795666367607398919339975704773969263373339029874808672364078472813865125310111708478567239651890865057025211562264306214676060886033896702309549835260934809374266640628538959253895189949271257129450304691084698894050964953760405438074375018685349459364447265011922544172253968766299900424754505575526178214655722906770608877866073221948790138581947838
7 1 3 4 5 7 9 11
674299966373138241550552705039884257863
3 7 9 10
349204489816710983606023824559345794019048892353447018243411573501575519102795311326940105061003469698732749977603081736683204815671855574544041107015094699973203088307476188644000523945768780130409441456638510711536013335270110290671480104620435659109435439801707374482438545757990988910421458512166450956087964091513754382748160161280
7 2 4 5 6 8 9 12
253072512
7 3 4 7 8 9 11 12
141537169400627116701841457782284123473003635078190065441048535874711209073078959806924006677271064468965278440524792375153130403956080097769942315840327289444000944519663004758871208265300097563248452795315137867830813464099224540773271824130699719486584992635533065564252875363569379923273156253100503231028273278959645286687576944722320463525789844275283272798296100543013892470331516163081067773842122703042686707150705985299740813458886532710769427016286132035667220056299591239441358555372597087331686735197567563914627363122626488432995685617985712189159996305025985738310952840664814268934597419805665954890438853890559681745754147270912054345020239565147137257660150371102419373111319992160954746297532398315671670575230649577595110771698272583475361379778832110137368486920361797101303204589145807167146931093801040828672979599079105393655092459117467074915645387264819004611424588704320
5 4 6 7 9 10
7979208032625459409834357073491213309076090696029655491289730275848655094286355308552406138821738229376322998088512372784923854181597049608388411107913455959431114619861834450016159074871294672158531822576672059165660935525461289015923728065652950443488563244148051176700479662256127935308388401534197181131578623876431021861621270880273100748428382944312159821762025726353694839440916319070879179787991211079274574457981880424206411226654128907787667746989538098211341315753737333815024297024502733834851265489565373188502540864206983571842842574390715971913576677996903439607964823510582614745292472963204718788963832385923799139990
6 3 4 6 8 11 12
102515298743791845719132907803272216650014836347741770530159476305814396319797831522743005475199948045695918284250979913817483494136544522913180704645608272865726048021022153830616960116634754462644134458978814465245422615270693124397504284548081027538240371098363279610591032527863503424000
8 2 3 4 5 8 10 11 12
77514426586996141070770339193237733994024922584641229237387623971411719646532716797646554697945126762607759860201896243294068000709891763653821654861201805844885993569513962959126590255396484334048935501679197118951114402140245442240827546311080421896294574965704152232597942219
8 3 4 5 6 9 10 11 12
4724230970
8 2 4 5 6 7 8 10 11
0920736884474516724593914728689544202243940120813319389401754962901868731008992142652209979465623545661001125258318942037974908827220188430502414912745964112864187394149592880935901198634843359110961015895517398151510391794305359888478944855551329438781192637751456311934139626230748308240808109165178648495360952027906926553072588215068492153371301462611966943676513144510610912148242770241338266081033279571
6 1 2 6 7 10 11
22351182613851791874493554636201378906992021902520493176195770234143616392702098282916389425689066127253913446126761139741284911466625544970456217729041179278151481376477600127290685828408771279336000
8 1 3 4 5 8 9 10 11
77605738491908998058657474210580686027086967861362155030024025670369305041903086243784222340295540757870838666528899698692380158091340539851084195241778990279111237203992707068760835927071378025190357686573191199652465221556511514987718620940761694234418049668099041739053294061119163099135579439569208847468581305650736187707154701233566619500519084769469274216678406816216170953665374942178172795648287232019497808309801591350971020690290080781211781395381954482885747385022787171802830197600
7 1 3 4 5 6 9 10
3893607729872594912014999257975865695394379670912888073450073194849104298613853526003820078488030781890433816441231902111022862775499414367351726719434580805557401755112247983944492571500873770441371834775477594197522742410704062357750016623960311254324483756374060321512023915666798349
4 4 6 7 9
2866237500943485503523418259344679524971426975839192959055211301507251056095276063342039038823920043297430815299717177127741498209831606785343113784650772764038243151179025367097210503981026413809334679897480780586595239215871224831466662466668289841698031564135964945190957206972262623153671216857524491851460306909035249005284086867997397808514264919683053785261025391029747716193348538279616160032543867015432905915661152370819310713191737479891627176890699705644715399208599224383446771827095842826603685075131259242932674426454893866742625494559660576752078577404025267474384185093360499909920052618545685996934588769184087826528337045137807147154318340075504487691790845473853586874474389040394678619277109472
5 1 7 8 11 12
475718581950705511180958644195904524876495129314338270533146276232934544323941883589340483589853946208154663901665106075094197406649787918436930320591242185902299654148042592074914637474574667964673690486653903157452753710815631974585783693557698817219729626603152225491888800335045
5 2 5 9 11 12
064771147638321591801335087788674290924300997296528773248149518905131568894613169307370915609733762796128957766640992994680555261372719494491306754072754449234977957160058819605640339887506818657510710824354932098949012104030001580488565348516944050210079773506449630123329802507191049680494049326004529465700794412954128562768072221982934788072810986713954373468784068570773437178532634016467538441811396061611045061441036392224281105331589159507732729925180735402542595839853890485953236769594939931020079247772214136795867461405171071473316276654246568451882815857233817351686707771453829987622239426392948237137435390383860228883088032977535725065900751318557925922511825980775917129724104637546151773048037794778078218860501234545803731565041973239784846789301768629233974089150766
5 1 3 4 6 9
187445348480170426721098485748422290247079401660125168693436933157936742637096041493883649237001683253451858701245262002657778448816859159141743679180083407001427229004830204644470277240475333040852986550875543230215740590072473969914776099719944323979862465213529649995989420506728379157338492216694807731477948236638568177849771130282299945387542503040140014908147386243070899729334929495825645051425427627373660768147846840723037955388690268964085476895693732504398754162923128784255208884594537310938190150076356137768144907251571004600363717860644971810132581127865864426283562315654126688328185217830376411990932216835178658267315926790582350456635843028980281803731838549887053179980031817723126135360
4 1 2 3 10
04385604772456959316117729592865139141062730240635949376155512584413584461359011433304514617220625495690845200127197324573951564569915455823174083719689002942688041543291703438668034435585166148039071591846656883740291904741648015142359572537622818241719430331205156155763418165603998613615408868197313501460324865184620960979847224248629815799589707760148376073234958012714583430506470166804123203852864826846985573789431187807296045775396223009511265731741703024306685665676154849823114111248238959755506337901276947063064443175388682174801840535076643045494417530255794515976527313267210668040574680458502982273793692313723989079608292877270295333845826359930918036112863045997
6 2 3 6 7 10 11
12519914212444917041329945633599581996890059353151536918910206166897376094261990169777899317715646375949963816187620739210244601983251943116892085432146238771781882715210493223067777466178955119197434476458677153615145561913869751116316282112917212907024799040278952691591772063995119230579403519937176480390018053341646799903143769913187667294563694386074897409402258266984803042065767528828008819041372882933440927230514292156918312105295444250173831212190688249574804351397566037418273671392958749951738780206193118256200908869944651689174128593307708450023840265554363046400
7 2 3 4 5 8 11 12
39940783854081941459724647279792439555788967250898420882870927804520835046585573510191348174317548624064205463434973519197898449505552702978845448673974642474948013922019673312169274294610503880750487759378858913880809870432597579807497237629917000695361053380142777180263749953751034472411194239618203730914202303
7 1 3 5 6 7 8 11
7181968611570285269017814756412910124219033227700651231795392508455135061299388842804223327850005847434532865087392350839633982848044950545803053901143937097304724349951903153777507641930409126093477617831747627521696935514767737704041333979757823256791685980345467385568027455863106245512470328040798478277705774344220592566290138974332596320574324818972203180905197024434433475675993154142411189164681375562927870556181144866674885252747498136012246263777610149160827659890067140167046299672869495819823672863840559505174990199363889998902297572796134245529741481938554880
7 2 3 4 6 8 10 12
1576319600801507940714504434829040780268449994001744918115475666694402023808474073653378761936206755193818812685662926595449166735229251771219841326246523581911234317557381492832104796398635297605618396284234867078934318502574443831830265550302071621678226677142664495203132328308219664311623928805136763127145398877474621824377245372275739439046131757163827448310056487595843960662370416666258471989461017930270150530211989938367573347084958198559464726839999184965211430474106179583209581284611985157720902574792016587015123808911621011560876822969887928795588098883526453005343406036335288893372617541907360575967824149938247992171584756594121790778668479681960744318533548615443902001738358435091667105726794223874415805186657261740
7 2 3 4 5 9 10 12
262182257922741533381001832804956746165238464073146388853830182697967464007055005457152684576369478014919784314770292876967533107962208209636670893496621058541892392001887848297120089066760580797775429647814509502238302954114878198640737995602052339402322587725854133306218182018227171591847109638449430163494424340809680505514354757070204015733767958629251927801154827755142394224705905568856875511493066105285878903058712054401961389443620424658847285206499771105454684634015804052051941747644114017175156233710521187203330707052690554818445877047800728719767888054717238425132110234748773541494504961227200462120
5 5 6 9 11 12
0445345919962
9 1 3 4 5 6 7 8 9 10
6410382579973368394071723181091127172942308446097350599595141675315416487941436781560227783918787947550906710372995645856832651085350256959071802092645926162603715041243183972972905948768103832990746557234997366740866652493860972141095877689202709427006937980684413858446579257143543755709234265235669629230838898179527948189104838927716430055433082465223675847766703700768438817794623824355315558378068774437875339474939275878615732588007861145145921921015670456220757989222613426179472100097838878839577469137915982539379419556166017235247
5 1 5 6 7 10
9491613565351015975874297780904622464532404283400747187272535490128585257467050705272299146550010081862900244267623346914308779774399078151329213637837800921238737436624844411491994266574277883738019649367865526164551762924161521387450288861413691357651107194707483285149562568560362854457868316646062357031310798757173005378219947720378177797098648219655612515688538442708339649560494826608008252685787168959442194820009149484713999647018919422578634395488989360958010584183541048615919182799020087851382578652513172631528826392077015188993069875316741924197288466540150721273042373353658150719071279135822495109957536947290034229749313766567617454489164347126507969102706358512914156276432477017406270284497079496842019346633636802253645161901091009221293581310762575461222925977404675956806424895579036321586450629066056581518
3 4 8 10
07530780520855511275446793732679182844983969524477866764751300982152784161248325316014615995677788985068580000177594269287172745360118933287539015854672911015310921332420326658865004824059191647898138108484616637073671736398155206608154666346641596055478361550828198049897476607589289153553338000424075645711746094179913663570724561374858025189238522303874289856172154027387246250670494222736324464281602881086168218806630920665157920159955023269248721597606329453313191550310527929358107387795800231325732005396482863259216210236843693681481243757721059367103540379126065976115444187341264514118761
8 1 2 3 6 8 9 10 12
8691706945567346399912447614870150286661043560056002996632235619206612068982145761157095078610339335711621099463797418024222627391498399525859901929043552988745997130559029588924889103608244892898133239857398886021055380009788071956469103422113649279878586447430168710872904760355659030472568039619941963010156546220888315758124152959642832422643065638949983981607138238746425937737108411421906488007499981781242011513567840728423639669763705238642170619662953963947897003815464976605086787175406184352135217653438315689171987743815094192104511334543185508087963355024522121652552361667826096565817915689759052056403099760212646759248292527630695400040700839779847383290028597043694004048567304888926835608339966337575728733368826950340349314490851181118
7 2 6 7 8 9 10 12
78103574288671542657024210363675651950858389813422782752
8 2 3 4 5 6 7 10 11
340894590219093382550814840945332189329897131873116240777086444948780121120496278361501110971888391219427687929111813534378425627336552180420817402386543472627455598657348226340135733120503435715266374030742881895813860234275094708775399667213776959956801664112064488619363657299170835671882557819818080706873994492624958132385393069854599380178752393179847515039121017148306631263853532256908036983632715405959880607704278171059707975327397246596485705689168880542838257995189520602
6 2 5 7 8 9 11
71783487656572772546223550238330851132352983041208306173076528989813522067305398806017373063149874671319066491277852532048481075565802516471528874968
6 1 2 3 5 9 11
113928808660517109626606412642510504797037715875869106919632567757949572827360
7 1 2 5 6 7 9 12
13416623092577192692385640161778147054561475650867557437513316830221621302259789664340571822998873921749532597146767186199179718840038237596302637737708552111178890639247804965042071471187313275125424083844612767522940320838307741811550689983696163072911188606964706051861207327485168729729326959049255720306494759741425787227600822945646407049709184354624574003720671227448017277754398053527839951777509979700075249939360043869291392174781872600164357886240612829881887855885300066288481372883531018357151954669516956918995194945294345541964488536774590166567337937339726137412501400803549002983345876037518848263590632188653903190461410082936771248987793262421023301062236702718479028686256748364042465317318581667989715947158347668991
5 3 5 6 10 12
26198406735739219487025361048320
6 2 3 6 8 10 12
25344430598613854796562427903023533928286787160104816328321458944733332257558649570290653819802404854307852998586303646285737104335134551661093785148373581180514231326404957233227494652301681213538547866773928241349596454874692533569890188687843294259660944860055628409153886472434196894253666964348576166861270638686494391614345127381549289408136810980348436772475797153853354751461565428390738267972846260922168981526965015667137899345665206201488920299526443971770776816080133887365945292914140536753186039585019332497453911060728070335161333441640674324925896284437215727463917767168708920535242634180971744269033770732304475385043914351030698796796800273002837537232475727610701750971014197303561073585919354984119117408778834192683520767304842156520079712288426307747518706850172013875815393065394163510313235613443290967052933799233515590766720
6 2 3 6 9 10 12
1695209814151227998148468538946394719689267753088181173885140247394969384650800924509535937347788111438579948269417344101728599194992020828920465401931333162338164526611227324065621176389085214929202322238548948313215033036044772080285437660914680601817603803803285807846280644379148858841337195077520389909433027987061199900180262985003716759709733538711877916236225080309996247535894043165621873745027329375890055377395223947948461559463932309410500489713934118053760
6 1 4 5 8 9 12
1355258582482620197928087901551285952854124468320241914274243401026924135908602341815120524266048287131947496416212870312908407539154147984136736346443329073101576275548013143998450066901961834371056084446023260769347700470380701694950973504846814267605088518168422155255271983750074470895165592445523719082222038345832546074362945400760400
7 1 2 3 4 5 6 7
1219377743432647008347509087400396797083355445761274781197019826780681554229201856695115897238733627931417515499148680550571001668503642367566100686640444342842240139444413749391913786855200990958970228886315173092311596156510209407802770205981427310931258688109262832083493300589414605612567975056863067662314469142401708028551283440965445444043113095342833722603136818481280027504066410701931684223542099511655355038913126879747787162877800459849993382786701488783634303384504243669939921160909928957995581848249293904306899336871845823064080686260715238184179303896067232777210374564012710202053242743359483794512533046307669782542999403517453883917050054430931633700733884501780833744959152938188645765838885061446164087970874704384061112044143875506379083499937401014155449463664638406379646402844844087441645764294825136776752787091329024766821848630146766477734639223175962585600
6 2 3 5 8 10 11
95764168210407078502539161601999004687761646515498311782736986488112995096280533755531161290305049169308838123346072680058869064845718823747364506032777580791919156070945127932819367014948512
4 3 4 9 12
9268281204013369140258102511444784621417432742689858113735263443760529776490567671950310646248121430104194878401574193166760193426624090732977712935227565418364000898958630562307220562757594829667729159203416726794645680197193985910634567143395822221119282465379089748475021417828327757317103003613346297767922734730036702636003967518652584150650066876442894473283091662612167218454104596548300852678622679765535799870351549253945178004623292885489133208168268659493716375657763705988896315360925443877597072150725833933122202135810228465961047490292838037913743819240591041572312734642645680392468742606943038864229509354389353720415287838281395991750933240867708562703164690801695948376984032276577618425242274980247444663048147976170720302694668565075844293144611031831542029660069456361096650238078303538170054381868448794758010869444078327150604941116893230981150193218655765
7 4 5 6 7 10 11 12
075462773228444519846944373611032204604178812437197318076115381629404412702771199444813989917180187718821845569780358475159958999400417077876672096921289867001907051830731867601183185489550379035240216951655874801340561081321307689660026053477147402607871477032653824694627482004571352546758968735404715323006359924647385445083301042748562500175406924097677505147914921579653252117527509991163336246912624971951362086095809727687606658654331419991777079744662042964269638002349483989605737786923291063164563913869689415747918057411105629990262445609601331289528625759855790981408846176048917193548293243938954106418387309414007751872401737176434033066398030210522941722073287947240906910619604405340139977767847523794824
8 3 4 5 7 8 10 11 12
1190881991480876359392938042225096532131815070820142847570345605483752055986702498098777447718617364385017173783252258376829099876558250613916868370314291546720075930995363214591732290890078427093568314633214419158270182173980193492736689675907705869374714932510399419791280065921483134406629559080439026611139610839056584147584738243335934768495009421672653821440
5 3 6 8 10 11
96882496650571501017045388458490540007753839369142249786155306965154114236857472185078666815050097589537894176932781265946065266396814328685348989684648805887304844401697758010122240910398009755125967753644203979689308275321840015113180643752619440851827996947084377131946040634830921504594518343262380490693851457193897404391805773309185214501896657217424278166314240
8 1 3 4 8 9 10 11 12
769909629736816510256271242066425833341740379370370679775278921697006839898465454181933533533703022468302060515171248732086598807209162402521621619511688641074331169620315669796878009239983178279920685984960840010666644413391742545277245588161215576065267386866506495532491545871914409898843694282112714600368080880534085169402824632314794856906155672232568466677589978586646519321264353787090183723489146307200119895784576895172967820290564801822784930275391203856920584941473811359435144977631033519943261124860187077972563438057036552369013771178590669588400952049599897477412766919656872599105948278804762381674658218239221643408897117110612490240
7 2 3 4 6 7 8 10
205324523383560993676142646119351580156672798497532127213245630730821553375069532549592155558850400872040569976880813607124510375780004102482452697573921246370466113364323267223265370404461480353049970421377157586392765116803059259335762162870203688387604453523779888622480256815357485523649126952730579391928096834919052266475355751998288928161746558102386024929039282025698294792566861383449360610392223475327031026295097412171813851042815432434330154057060
4 2 5 6 7
68957308951147620660063574293841117010070045069806999438793390798326008731866183780020109215961700664599706806419501106885923443204905603924623924525543744768528915013809922769039049085369277419147421690910021529835015507344644614059672440021933656584918651045103066548019234552774963580027360951172271559966708975438849722737071204965011287205771263753835390721200
6 2 5 9 10 11 12
273333259892087578682185647677389162614485377732987352083370502225315140201021114573081749168929748523247178974915632950528430593411305010699684168207222336282233653527601038379299837382665635207216104960231981610483336265947875597892884660432082291135258868524574313498088577620657032130583249121577953993200378999375171389212608236987281505261139681684056006183192363302069882946638820719030844145119867973721600613234326253784199027605987281214896402131384832183676915497495835705275781858410258126659589732271575435357581264181838368627310772449039829322357160725317861680926061511896446318187204632042401602513719781310895323110282990333165191249830728903408547558777014298518177989017500988797763126060259249546159130583165475677115886805076978742011500430447822752234666558365200
6 2 3 4 5 10 11
91086460432407700190031790376069642695682079847816190892969945784183589480500742098191963256989244249296148383630933825838132756241024939713242537465760269850165422952201762815243507576528988379433884486353369602820309897618866333362289267501087433407145719644911932465979558207852620999085128520157244617636876097215180540357562561282643426084457822831254973976768763663180563513766277303444459627492684834986805655200177381356467656851999912690847308618675723591286007072458956390393823236632210942863511963853505965506545572307691984535843512634477554625944009555752385600
6 2 3 4 5 7 12
86417424874065463579951426869763842985789232957597778140681812655161283577399804666045966993265541778584590957684909206542753022723846593548560598814960140646412906214704036120942936
7 1 4 5 7 10 11 12
0355560315446809084900115323303756439170472614028365465030481608625244921324740062468404295145848647328715781173469701399694484245420795737727708962110541548768217486444240374906920928199489171700188009145640615215086157382646841802712132045217161524010836726929795511484690163912129843839802323837942322897548604322829015147054045098658288732197977626786584358959667572873809723442941178925402156101130271208311841272568167308610200363754872508132842515170406935367351726837030722895699843798059704633562682912230192523107215126508239639015461073401006792444934399509825589077446800460853854855735433971502454
7 2 3 6 7 9 10 11
009102485106119171276753846708730199634107572649090876659137232923575304877287935281253194759041865880828053763643290308809021370135694150148306858339965533839092324000135167549419872472273410015434037981097467605791660198017174547514159391362175981876345732320924714742875007727216051912791269072605284644076882990384029828402053613572849982081486605682569141185143837397385996940045438416710381940821677240375985014541270198989413178974173356814268225839828398386217044285728171176011083226819535078881883995688525286565565614547121504765562256411590322150443146460423910006650761664338022102939386743369727928506133424435867097651179084100531915470281037034604647868847664771462239414164412903435326053485210170274447417828628725290123876529569200532274859170842651494884675
4 3 7 8 10
1227698215282209850150849601843901059918056647225994268822478784312843071232514089152458536574734511768326158751145075982609691418944309574125845061923950733856414098858728268594090275646888405385114440100398580140846941833554990423673748709019160104496723077128135385299963529967775907880766627785376878959666080844177379708335816734600117815460884363840427783787188036902698088630141120963580564452902375741114331599302126492632444186089386900883742253252417545626810401593465098233246616534784000058299312341425083160339047216363619947970810572836041290197158289615530669383521701765239737078685294875905484753255755608545607759054518181386893573510495149869753337699431207416480
4 2 6 10 11
25159774621130685003407920918855363095010438729777581812
4 2 3 9 12
5158921490848474029652063591086227693195771538271513941199220270794439428794423008959312412506469219644080482307348843483504487761382339978803973466353618946562295831179317144525227009363845702180031624370370509067353098044336956052218513
8 1 2 4 6 7 8 11 12
70624816071455930464845149925534722473033154326297835359614885916796780530066415522111953529375620568310003593228092019226378715061327611856767840986448931080835034104146327858485240154868071009106552518893163230569070508626779970646777628719210149520595881828742360046974
7 1 2 4 8 10 11 12
3726225467031407155200
10 2 3 4 5 7 8 9 10 11 12
118297318604099480442183067880377272906533573335249681357797091221624158615784993884795505620669837640359843028531251976769362301378157083626193643403624866412092359124440772589372883006835277743630089236722786107961818403208570024981227975921621659798068385158028984391839861974811951214417347321356521598649482634932074790719722863441972672405561895056
7 1 2 3 6 7 9 12
0434504590416473563726901237950169065968117042792506502501725312695730625811602443078671630020643452229361940901297253096048982568230820481559082593739897322516972897641552426694758984318057490244332735396336328640382030199379711419833938295227577353839042134369253178320368928334282911966949275234208538346165107240807221158649180740402762940418483340524001977686904583018859657173110782801785039554813448656724711944820312270305019934170872423770014131783616608936223563791640963647396278448523810437240888879361365746344113233635850348984410017316685704549389023612973103150103838751723487906022042377810356972589062609080180111852412722520050730266865040221036003266858552061435894748739551804030034644290
3 7 8 10
4833178671404386307831653434999204694669024877908330560773285880985014088899714058405338807076560853955597875841389692749540531062585633239751725606613922362161775761289687649649119191374400885538223751688623836169129821280772566641583212629176709573555353991960119986991489647758568142733199301421981948850751458937227420578245992699385702388009006722741109874835766082654931633872808585411442266384661887362566862451966588744290721910435446797741537407493869992470655562990606929380651248493856543835016351512960098687513745793116160186893182870119739820930714885822942023311813723868926414370512676150192891128261061562230628831540483088557246218067420807909007793377011608400459291064621904257671441230375381814605867087089875979396440303311370354477001494228405587787402130982822060817663240921338256562667530248287793615724653641259737788725047051402236306398
6 1 2 3 4 9 12
10793760730417361538294334780294854562919802903056864083244419862313505814462551184750907335902147779983599055229706680012674847323255763443619257015696579956381146557370974437607027809320489114384543683875801839454916310360800050868638512373433037096715997737202565398248965266298720976090283734943199112004189996271219959751202638139563862802755077034473576575258500607021572550504025597553080702335100789162228636165285670807366283074875342147499835539428019658678492401541835810089634844695956325561698214488969478658919470886955574819845352953147631067958460209480770388357301983135595821134826310422882730802458640745657842237763774328063175215731305643407523579536891392705808288970425817882302262035587763295180669290354237378364410178255498307166737408872292616214536190058902133525100491177
9 1 3 4 5 7 8 9 10 12
386500893978993370059
6 1 2 6 8 9 12
