hrow 1
1 1 1 1 2 2 2 3 3 3 4 5 5 6 6

Throw 2
1 1 1 1 1 1 1 1 2 2 2 2 3 3 4 4 4 5 5 5 6 6

Throw 3
1 1 1 1 1 1 2 2 2 2 2 3 4 5 6

Throw 4
1 1 1 1 1 1 1 1 1 2 2 2 2 2 2 2 2 2 2 2 3 4 4 4 4 4 5 5 5 5

Throw 5
1 1 1 1 1 1 1 2 2 2 2 2 4 4 4 5 5 5 5 5 5

Throw 6
2

Throw 7
1 2 2 2 3 3 3 4 4 4 5 5 5 6 6 6

Throw 8
1 1 1 1 1 1 2 2 3 3 3 5

Throw 9
1 1 1 1 1 1 2 2 3 4 4 5 5 6

Throw 10
1 1 1 1 1 1 1 3 3 3 3 3 3 3 4 4 4 4 4 4 4 6 6

Throw 11
1 1 1 1 1 1 1 1 3 3 4 4 6

Throw 12
1 1 1 1 1 1 3 4 6

Throw 13
1 1 1 1 2 2 2 2 2 3 4

Throw 14
1 1 1 1 1 1 1 1 1 2 2 2 2 2 2 3 3 3 3 4 4 4 4 4 6

Throw 15
1 1 1 1 1 1 1 1 1 2 2 2 2 3 4 4 4 6 6

