3456 1234
1234 789
3456 789
3456 1234
789 3456
789 1234
1357 5678
5678 1357
1357 5679
5679 1357
234 1357
5678 234
9582 4872
4872 9582
9582 1383
1383 9582
4872 1383
1383 4872
395 498
398 498
498 381
298 498
395 498
298 498
3982 3981
3982 3982
3981 3988
3988 3982
3981 3988
3988 1983
1234 1234
5678 1234
5678 1234
1234 1234
1234 1234
5678 1234
928 184
184 287
287 928
928 184
287 184
184 287
481 3984
3984 481
481 2439
2439 481
481 2439
2439 481
398 4982
4982 2984
4984 398
398 4984
4984 398
398 2984
7298 2871
2871 2987
2987 7298
7298 2987
2987 2871
3982 2871
3982 3982
3971 2983
2984 2984
2984 1978
3982 2983
2983 1971
2873 3498
2897 2873
2873 1983
1983 2873
2973 2873
2873 2498
298 398
298 387
387 298
298 387
398 298
298 387
297 3498
1978 297
297 3498
297 1978
3498 1978
1978 3498
3092 3490
2098 3490
3490 3092
2098 3490
3490 2098
2092 2098
2094 1984
1984 2094
2094 1873
1873 2094
2094 1873
1873 2094
