1345 2584
2584 683
2584 1345
683 1345
683 1345
2584 683
1234 4567
1234 4567
4567 4321
4322 4567
4321 1234
4321 1234
2345 876
876 2345
2345 3456
2345 876
1234 3456
3456 876
935 678
935 8264
8264 678
935 678
8264 935
678 8264
8857 125
8847 125
9834 762
762 9834
8857 762
125 8857
9346 2345
2345 1256
1256 9346
9346 1256
9346 834
834 9346
8362 457
457 1256
1256 457
8362 9268
9268 457
457 1256
9284 5823
8274 9284
5823 9284
8274 9284
9284 5823
5823 5823
6294 8294
2385 9032
9247 8294
6294 9032
9032 6294
9294 6294
284 9376
8937 9376
9376 284
9376 8937
284 8937
8937 284
9487 3872
9387 9487
2684 9487
1287 9387
9387 3872
9387 9487
276 487
276 487
487 827
827 487
487 827
487 827
4828 1876
9382 4973
9284 2197
2197 1876
4828 2197
9287 4828
1093 2943
3982 287
397 1093
287 3982
3982 287
1093 287
928 397
397 928
398 397
398 397
828 397
398 928
2987 3981
2984 239
2873 2987
239 2984
2984 3981
239 2984
948 128
387 128
948 387
128 387
387 128
128 948
4978 4098
2871 2397
4978 3762
2871 4098
4982 2978
3762 4879
947 387
387 947
947 826
826 947
387 947
947 387
6298 1947
6298 2987
1947 6298
2987 6298
1947 2987
2987 1947
